T_sync[ms], msShut_Enable, PumpA_Enable, N_Mode, N_Delay, Zpos, AIN_Volt, PCMD_Z, Tcorr_sum[us]
237,0,1,10,10,0.806,2.457,0.920,0
506,0,1,10,10,0.859,2.721,1.049,0
775,0,1,10,10,0.952,2.953,1.214,0
1043,0,1,10,10,0.992,1.428,0.870,0
1312,0,1,10,10,1.008,1.817,0.965,9
1581,0,1,10,10,1.002,2.186,1.045,12
1850,0,1,10,10,1.000,2.489,1.123,11
2119,0,1,10,10,0.999,2.769,1.203,10
2387,0,1,10,10,0.994,1.078,0.813,3
2656,0,1,10,10,1.006,1.492,0.896,9
2925,0,1,10,10,1.006,1.881,0.977,15
3194,0,1,10,10,1.001,2.228,1.054,16
3463,0,1,10,10,0.994,2.546,1.133,10
3732,0,1,10,10,1.002,2.798,1.215,11
4000,0,1,10,10,0.995,1.151,0.826,6
4269,0,1,10,10,1.006,1.551,0.907,12
4538,0,1,10,10,1.005,1.937,0.988,17
4807,0,1,10,10,0.997,2.289,1.066,13
5076,0,1,10,10,0.996,2.584,1.146,9
5345,0,1,10,10,1.002,2.840,1.228,11
5613,0,1,10,10,0.999,1.204,0.839,10
5882,0,1,10,10,1.004,1.619,0.919,15
6151,0,1,10,10,1.002,1.996,0.999,17
6420,0,1,10,10,0.996,2.337,1.078,12
6689,0,1,10,10,0.995,2.631,1.159,7
6958,0,1,10,10,1.006,2.870,1.241,13
7226,0,1,10,10,0.999,1.281,0.851,12
7495,0,1,10,10,1.005,1.671,0.931,17
7764,0,1,10,10,0.999,2.055,1.010,17
8033,0,1,10,10,0.995,2.384,1.090,12
8302,0,1,10,10,0.996,2.670,1.171,8
8571,0,1,10,10,1.006,2.910,1.254,14
8839,0,1,10,10,1.002,1.333,0.863,16
9108,0,1,10,10,1.001,1.745,0.942,18
9377,0,1,10,10,0.999,2.103,1.022,17
9646,0,1,10,10,0.994,2.435,1.102,10
9915,0,1,10,10,0.996,2.714,1.184,6
10184,0,1,10,10,1.010,2.938,1.267,17
10452,0,1,10,10,1.001,1.410,0.876,18
10721,0,1,10,10,1.002,1.792,0.953,20
10990,0,1,10,10,0.995,2.166,1.033,15
11259,0,1,10,10,0.994,2.480,1.114,9
11528,0,1,10,10,0.999,2.750,1.198,7
11796,0,1,10,10,0.992,1.064,0.809,-1
12065,0,1,10,10,1.007,1.464,0.892,6
12334,0,1,10,10,1.006,1.864,0.973,13
12603,0,1,10,10,1.001,2.210,1.050,14
12872,0,1,10,10,0.994,2.529,1.129,8
13141,0,1,10,10,1.000,2.790,1.210,8
13409,0,1,10,10,0.995,1.125,0.822,3
13678,0,1,10,10,1.005,1.536,0.904,8
13947,0,1,10,10,1.006,1.914,0.984,15
14216,0,1,10,10,0.997,2.271,1.062,12
14485,0,1,10,10,0.996,2.569,1.141,8
14754,0,1,10,10,1.001,2.828,1.224,9
15022,0,1,10,10,0.997,1.191,0.834,6
15291,0,1,10,10,1.006,1.592,0.915,12
15560,0,1,10,10,1.002,1.979,0.995,14
15829,0,1,10,10,0.998,2.314,1.074,12
16098,0,1,10,10,0.994,2.621,1.154,5
16367,0,1,10,10,1.005,2.859,1.237,10
16635,0,1,10,10,0.999,1.256,0.847,9
16904,0,1,10,10,1.004,1.658,0.927,13
17173,0,1,10,10,1.001,2.032,1.007,15
17442,0,1,10,10,0.994,2.373,1.086,9
17711,0,1,10,10,0.998,2.652,1.167,6
17980,0,1,10,10,1.005,2.899,1.250,12
18248,0,1,10,10,1.001,1.317,0.859,12
18517,0,1,10,10,1.003,1.719,0.938,15
18786,0,1,10,10,0.998,2.092,1.018,13
19055,0,1,10,10,0.996,2.412,1.098,9
19324,0,1,10,10,0.995,2.704,1.180,4
19593,0,1,10,10,1.009,2.926,1.263,14
19861,0,1,10,10,1.001,1.387,0.872,15
20130,0,1,10,10,1.002,1.779,0.950,16
20399,0,1,10,10,0.998,2.142,1.030,14
20668,0,1,10,10,0.993,2.469,1.110,6
20937,0,1,10,10,0.999,2.735,1.193,5
21205,0,1,10,10,0.991,1.044,0.805,-5
21474,0,1,10,10,1.008,1.441,0.888,3
21743,0,1,10,10,1.008,1.841,0.969,11
22012,0,1,10,10,1.000,2.198,1.046,11
22281,0,1,10,10,0.995,2.511,1.125,7
22550,0,1,10,10,0.998,2.781,1.206,5
22818,0,1,10,10,0.995,1.096,0.818,-1
23087,0,1,10,10,1.005,1.515,0.900,5
23356,0,1,10,10,1.007,1.895,0.980,12
23625,0,1,10,10,0.998,2.254,1.058,10
23894,0,1,10,10,0.995,2.556,1.137,5
24163,0,1,10,10,1.002,2.813,1.220,7
24431,0,1,10,10,0.996,1.173,0.830,2
24700,0,1,10,10,1.007,1.567,0.911,9
24969,0,1,10,10,1.003,1.961,0.991,12
25238,0,1,10,10,0.998,2.298,1.070,10
25507,0,1,10,10,0.995,2.602,1.150,5
25776,0,1,10,10,1.002,2.853,1.232,6
26044,0,1,10,10,0.999,1.228,0.843,6
26313,0,1,10,10,1.004,1.642,0.923,10
26582,0,1,10,10,1.004,2.006,1.003,14
26851,0,1,10,10,0.994,2.357,1.082,8
27120,0,1,10,10,0.995,2.643,1.163,3
27389,0,1,10,10,1.006,2.884,1.246,9
27657,0,1,10,10,1.000,1.301,0.855,8
27926,0,1,10,10,1.005,1.693,0.935,13
28195,0,1,10,10,0.998,2.076,1.014,11
28464,0,1,10,10,0.996,2.397,1.094,7
28733,0,1,10,10,0.996,2.686,1.176,3
29002,0,1,10,10,1.007,2.919,1.258,11
29270,0,1,10,10,1.001,1.360,0.867,12
29539,0,1,10,10,1.001,1.764,0.946,13
29808,0,1,10,10,0.999,2.120,1.026,12
30077,0,1,10,10,0.993,2.452,1.106,5
30346,0,1,10,10,0.998,2.722,1.189,3
30615,0,1,10,10,1.010,2.952,1.271,14
30883,0,1,10,10,1.001,1.427,0.879,15
31152,0,1,10,10,1.001,1.818,0.957,15
31421,0,1,10,10,0.995,2.182,1.037,10
31690,0,1,10,10,0.995,2.491,1.119,5
31959,0,1,10,10,0.998,2.767,1.202,3
32227,0,1,10,10,0.993,1.079,0.813,-4
32496,0,1,10,10,1.006,1.491,0.896,2
32765,0,1,10,10,1.007,1.879,0.977,9
33034,0,1,10,10,1.000,2.230,1.054,9
33303,0,1,10,10,0.993,2.548,1.133,2
33572,0,1,10,10,1.002,2.797,1.215,4
33840,0,1,10,10,0.995,1.151,0.826,-1
34109,0,1,10,10,1.006,1.550,0.907,6
34378,0,1,10,10,1.004,1.939,0.988,10
34647,0,1,10,10,0.997,2.288,1.066,6
34916,0,1,10,10,0.997,2.581,1.146,3
35185,0,1,10,10,1.001,2.841,1.228,5
35453,0,1,10,10,0.999,1.205,0.838,3
35722,0,1,10,10,1.004,1.619,0.919,8
35991,0,1,10,10,1.002,1.995,0.999,10
36260,0,1,10,10,0.997,2.333,1.078,7
36529,0,1,10,10,0.994,2.634,1.158,0
36798,0,1,10,10,1.006,2.870,1.241,6
37066,0,1,10,10,0.999,1.281,0.851,5
37335,0,1,10,10,1.005,1.673,0.931,10
37604,0,1,10,10,1.000,2.053,1.010,10
37873,0,1,10,10,0.995,2.386,1.090,4
38142,0,1,10,10,0.997,2.670,1.171,1
38411,0,1,10,10,1.006,2.910,1.254,7
38679,0,1,10,10,1.002,1.334,0.863,9
38948,0,1,10,10,1.002,1.743,0.942,11
39217,0,1,10,10,0.998,2.106,1.022,9
39486,0,1,10,10,0.994,2.436,1.102,3
39755,0,1,10,10,0.997,2.713,1.185,-1
40024,0,1,10,10,1.010,2.939,1.267,10
40292,0,1,10,10,1.001,1.410,0.876,11
40561,0,1,10,10,1.002,1.793,0.953,13
40830,0,1,10,10,0.995,2.169,1.033,8
41099,0,1,10,10,0.995,2.477,1.114,2
41368,0,1,10,10,0.998,2.752,1.198,0
41636,0,1,10,10,0.992,1.064,0.809,-8
41905,0,1,10,10,1.007,1.464,0.892,-1
42174,0,1,10,10,1.006,1.864,0.973,6
42443,0,1,10,10,1.002,2.207,1.050,8
42712,0,1,10,10,0.994,2.530,1.129,2
42981,0,1,10,10,0.999,2.790,1.210,1
43249,0,1,10,10,0.995,1.124,0.822,-4
43518,0,1,10,10,1.005,1.536,0.904,1
43787,0,1,10,10,1.007,1.911,0.984,9
44056,0,1,10,10,0.997,2.272,1.062,5
44325,0,1,10,10,0.996,2.568,1.141,1
44594,0,1,10,10,1.001,2.827,1.224,2
44862,0,1,10,10,0.997,1.190,0.834,-1
45131,0,1,10,10,1.006,1.591,0.915,5
45400,0,1,10,10,1.002,1.980,0.995,7
45669,0,1,10,10,0.998,2.314,1.074,5
45938,0,1,10,10,0.995,2.617,1.154,-1
46207,0,1,10,10,1.004,2.860,1.237,4
46475,0,1,10,10,0.999,1.256,0.847,2
46744,0,1,10,10,1.003,1.660,0.927,6
47013,0,1,10,10,1.002,2.030,1.007,8
47282,0,1,10,10,0.995,2.371,1.086,3
47551,0,1,10,10,0.997,2.653,1.167,-0
47820,0,1,10,10,1.004,2.900,1.250,4
48088,0,1,10,10,1.001,1.316,0.859,5
48357,0,1,10,10,1.003,1.719,0.938,8
48626,0,1,10,10,0.999,2.089,1.018,7
48895,0,1,10,10,0.995,2.415,1.098,2
49164,0,1,10,10,0.996,2.702,1.180,-3
49433,0,1,10,10,1.010,2.926,1.263,8
49701,0,1,10,10,1.001,1.386,0.871,8
49970,0,1,10,10,1.002,1.777,0.949,10
50239,0,1,10,10,0.997,2.144,1.029,7
50508,0,1,10,10,0.993,2.468,1.110,-1
50777,0,1,10,10,0.999,2.733,1.193,-1
51045,0,1,10,10,0.990,1.044,0.805,-11
51314,0,1,10,10,1.008,1.440,0.888,-3
51583,0,1,10,10,1.007,1.843,0.969,4
51852,0,1,10,10,1.000,2.198,1.046,4
52121,0,1,10,10,0.996,2.509,1.125,0
52390,0,1,10,10,0.998,2.780,1.206,-1
52658,0,1,10,10,0.995,1.096,0.817,-7
52927,0,1,10,10,1.005,1.515,0.900,-1
53196,0,1,10,10,1.007,1.894,0.980,6
53465,0,1,10,10,0.999,2.250,1.058,4
53734,0,1,10,10,0.994,2.558,1.137,-2
54003,0,1,10,10,1.002,2.812,1.219,-0
54271,0,1,10,10,0.996,1.173,0.830,-5
54540,0,1,10,10,1.007,1.566,0.911,3
54809,0,1,10,10,1.003,1.960,0.991,6
55078,0,1,10,10,0.997,2.300,1.069,3
55347,0,1,10,10,0.995,2.601,1.150,-3
55616,0,1,10,10,1.002,2.853,1.232,-0
55884,0,1,10,10,1.000,1.228,0.843,-1
56153,0,1,10,10,1.004,1.641,0.923,3
56422,0,1,10,10,1.003,2.007,1.003,7
56691,0,1,10,10,0.995,2.356,1.082,1
56960,0,1,10,10,0.996,2.642,1.163,-3
57229,0,1,10,10,1.005,2.887,1.245,2
57497,0,1,10,10,1.000,1.300,0.855,1
57766,0,1,10,10,1.005,1.692,0.935,6
58035,0,1,10,10,0.999,2.075,1.014,5
58304,0,1,10,10,0.997,2.395,1.094,1
58573,0,1,10,10,0.996,2.687,1.176,-3
58842,0,1,10,10,1.007,2.919,1.258,4
59110,0,1,10,10,1.001,1.360,0.867,5
59379,0,1,10,10,1.001,1.763,0.946,6
59648,0,1,10,10,1.000,2.118,1.026,6
59917,0,1,10,10,0.993,2.454,1.106,-2
60186,0,1,10,10,0.998,2.722,1.188,-4
60455,0,1,10,10,1.010,2.952,1.271,7
60723,0,1,10,10,1.001,1.427,0.879,8
60992,0,1,10,10,1.001,1.815,0.957,9
61261,0,1,10,10,0.995,2.184,1.037,3
61530,0,1,10,10,0.995,2.491,1.119,-2
61799,0,1,10,10,0.998,2.766,1.202,-4
62067,0,1,10,10,0.994,1.078,0.813,-11
62336,0,1,10,10,1.006,1.489,0.896,-4
62605,0,1,10,10,1.006,1.881,0.977,2
62874,0,1,10,10,1.000,2.230,1.054,2
63143,0,1,10,10,0.994,2.546,1.133,-4
63412,0,1,10,10,1.002,2.798,1.215,-2
63680,0,1,10,10,0.995,1.151,0.826,-8
63949,0,1,10,10,1.006,1.551,0.907,-1
64218,0,1,10,10,1.004,1.937,0.988,3
64487,0,1,10,10,0.997,2.286,1.066,0
64756,0,1,10,10,0.996,2.583,1.146,-4
65025,0,1,10,10,1.001,2.841,1.228,-2
65293,0,1,10,10,0.999,1.204,0.838,-3
65562,0,1,10,10,1.004,1.619,0.919,1
65831,0,1,10,10,1.003,1.993,0.999,4
66100,0,1,10,10,0.996,2.335,1.078,-0
66369,0,1,10,10,0.994,2.633,1.158,-6
66638,0,1,10,10,1.005,2.871,1.241,-1
66906,0,1,10,10,0.999,1.281,0.851,-2
67175,0,1,10,10,1.006,1.670,0.931,4
67444,0,1,10,10,1.000,2.054,1.010,4
67713,0,1,10,10,0.994,2.388,1.089,-3
67982,0,1,10,10,0.997,2.669,1.172,-6
68251,0,1,10,10,1.006,2.910,1.254,0
68519,0,1,10,10,1.002,1.333,0.864,3
68788,0,1,10,10,1.001,1.743,0.942,4
69057,0,1,10,10,0.999,2.104,1.022,3
69326,0,1,10,10,0.994,2.433,1.102,-3
69595,0,1,10,10,0.996,2.714,1.184,-7
69864,0,1,10,10,1.010,2.938,1.267,4
70132,0,1,10,10,1.000,1.410,0.875,4
70401,0,1,10,10,1.002,1.794,0.953,6
70670,0,1,10,10,0.996,2.163,1.033,2
70939,0,1,10,10,0.994,2.480,1.114,-5
71208,0,1,10,10,0.998,2.752,1.197,-7
71476,0,1,10,10,0.992,1.064,0.809,-15
71745,0,1,10,10,1.008,1.463,0.892,-7
72014,0,1,10,10,1.007,1.864,0.973,-0
72283,0,1,10,10,1.001,2.210,1.050,1
72552,0,1,10,10,0.994,2.530,1.129,-5
72821,0,1,10,10,1.000,2.789,1.210,-5
73089,0,1,10,10,0.995,1.124,0.822,-11
73358,0,1,10,10,1.005,1.535,0.904,-5
73627,0,1,10,10,1.007,1.913,0.984,2
73896,0,1,10,10,0.997,2.272,1.062,-2
74165,0,1,10,10,0.996,2.567,1.141,-6
74434,0,1,10,10,1.001,2.828,1.224,-4
74702,0,1,10,10,0.997,1.191,0.834,-8
74971,0,1,10,10,1.006,1.593,0.915,-2
75240,0,1,10,10,1.002,1.981,0.995,0
75509,0,1,10,10,0.999,2.312,1.074,-1
75778,0,1,10,10,0.994,2.619,1.154,-7
76047,0,1,10,10,1.003,2.862,1.236,-4
76315,0,1,10,10,0.999,1.256,0.847,-5
76584,0,1,10,10,1.004,1.659,0.927,-1
76853,0,1,10,10,1.003,2.028,1.007,2
77122,0,1,10,10,0.994,2.373,1.086,-4
77391,0,1,10,10,0.997,2.653,1.167,-7
77660,0,1,10,10,1.005,2.899,1.250,-2
77928,0,1,10,10,1.001,1.316,0.859,-1
78197,0,1,10,10,1.003,1.718,0.938,2
78466,0,1,10,10,0.998,2.092,1.018,-0
78735,0,1,10,10,0.995,2.415,1.098,-5
79004,0,1,10,10,0.996,2.702,1.180,-9
79273,0,1,10,10,1.009,2.927,1.263,1
79541,0,1,10,10,1.001,1.387,0.872,1
79810,0,1,10,10,1.002,1.779,0.950,3
80079,0,1,10,10,0.997,2.144,1.029,-0
80348,0,1,10,10,0.993,2.467,1.110,-7
80617,0,1,10,10,0.999,2.735,1.193,-8
80885,0,1,10,10,0.990,1.045,0.805,-18
81154,0,1,10,10,1.008,1.441,0.888,-10
81423,0,1,10,10,1.007,1.844,0.969,-3
81692,0,1,10,10,1.001,2.196,1.046,-2
81961,0,1,10,10,0.996,2.511,1.125,-7
82230,0,1,10,10,0.998,2.780,1.206,-9
82498,0,1,10,10,0.995,1.097,0.818,-14
82767,0,1,10,10,1.005,1.516,0.900,-8
83036,0,1,10,10,1.007,1.892,0.980,-1
83305,0,1,10,10,0.998,2.253,1.058,-3
83574,0,1,10,10,0.994,2.560,1.137,-10
83843,0,1,10,10,1.002,2.812,1.220,-8
84111,0,1,10,10,0.996,1.173,0.831,-12
84380,0,1,10,10,1.007,1.567,0.912,-4
84649,0,1,10,10,1.002,1.963,0.991,-2
84918,0,1,10,10,0.997,2.301,1.070,-5
85187,0,1,10,10,0.996,2.601,1.150,-10
85456,0,1,10,10,1.002,2.852,1.233,-7
85724,0,1,10,10,0.999,1.228,0.843,-8
85993,0,1,10,10,1.004,1.642,0.923,-4
86262,0,1,10,10,1.003,2.008,1.003,-0
86531,0,1,10,10,0.995,2.354,1.082,-5
86800,0,1,10,10,0.995,2.643,1.163,-10
87069,0,1,10,10,1.005,2.885,1.245,-5
87337,0,1,10,10,0.999,1.301,0.855,-6
87606,0,1,10,10,1.005,1.693,0.935,-1
87875,0,1,10,10,0.999,2.073,1.014,-2
88144,0,1,10,10,0.996,2.397,1.094,-6
88413,0,1,10,10,0.995,2.689,1.176,-11
88682,0,1,10,10,1.007,2.919,1.258,-4
88950,0,1,10,10,1.002,1.360,0.868,-2
89219,0,1,10,10,1.002,1.762,0.946,-0
89488,0,1,10,10,0.999,2.121,1.026,-1
89757,0,1,10,10,0.993,2.455,1.106,-9
90026,0,1,10,10,0.998,2.722,1.189,-11
90295,0,1,10,10,1.010,2.953,1.271,-0
90563,0,1,10,10,1.001,1.427,0.879,1
90832,0,1,10,10,1.001,1.818,0.957,2
91101,0,1,10,10,0.995,2.185,1.037,-4
91370,0,1,10,10,0.995,2.491,1.119,-9
91639,0,1,10,10,0.998,2.767,1.202,-11
91907,0,1,10,10,0.994,1.079,0.814,-18
92176,0,1,10,10,1.006,1.491,0.896,-12
92445,0,1,10,10,1.006,1.882,0.977,-5
92714,0,1,10,10,1.001,2.228,1.054,-4
92983,0,1,10,10,0.993,2.548,1.133,-11
93252,0,1,10,10,1.002,2.798,1.215,-10
93520,0,1,10,10,0.995,1.151,0.826,-15
93789,0,1,10,10,1.006,1.551,0.908,-8
94058,0,1,10,10,1.005,1.937,0.988,-3
94327,0,1,10,10,0.997,2.288,1.066,-7
94596,0,1,10,10,0.996,2.583,1.146,-11
94865,0,1,10,10,1.001,2.841,1.228,-10
95133,0,1,10,10,0.999,1.204,0.839,-11
95402,0,1,10,10,1.004,1.618,0.919,-6
95671,0,1,10,10,1.002,1.996,0.999,-4
95940,0,1,10,10,0.996,2.336,1.078,-8
96209,0,1,10,10,0.995,2.632,1.159,-13
96478,0,1,10,10,1.006,2.871,1.241,-7
96746,0,1,10,10,0.999,1.281,0.851,-9
97015,0,1,10,10,1.005,1.672,0.931,-3
97284,0,1,10,10,0.999,2.055,1.010,-4
97553,0,1,10,10,0.995,2.386,1.090,-9
97822,0,1,10,10,0.996,2.671,1.172,-13
98091,0,1,10,10,1.006,2.910,1.254,-7
98359,0,1,10,10,1.002,1.333,0.864,-4
98628,0,1,10,10,1.001,1.744,0.942,-3
98897,0,1,10,10,0.999,2.103,1.022,-3
99166,0,1,10,10,0.994,2.436,1.102,-10
99435,0,1,10,10,0.996,2.714,1.184,-14
99704,0,1,10,10,1.010,2.939,1.267,-4
99972,0,1,10,10,1.001,1.410,0.876,-3
100241,0,1,10,10,1.003,1.791,0.954,0
100510,0,1,10,10,0.995,2.166,1.033,-5
100779,0,1,10,10,0.993,2.482,1.114,-12
101048,0,1,10,10,0.999,2.751,1.198,-14
101316,0,1,10,10,0.992,1.064,0.810,-22
101585,0,1,10,10,1.008,1.463,0.893,-14
101854,0,1,10,10,1.006,1.866,0.973,-8
102123,0,1,10,10,1.001,2.211,1.050,-7
102392,0,1,10,10,0.995,2.529,1.129,-12
102661,0,1,10,10,1.000,2.790,1.211,-13
102929,0,1,10,10,0.995,1.125,0.822,-18
103198,0,1,10,10,1.005,1.536,0.904,-13
103467,0,1,10,10,1.006,1.915,0.984,-6
103736,0,1,10,10,0.997,2.272,1.062,-9
104005,0,1,10,10,0.996,2.570,1.142,-13
104274,0,1,10,10,1.001,2.828,1.224,-12
104542,0,1,10,10,0.997,1.191,0.835,-15
104811,0,1,10,10,1.006,1.594,0.916,-9
105080,0,1,10,10,1.002,1.980,0.995,-7
105349,0,1,10,10,0.998,2.314,1.074,-9
105618,0,1,10,10,0.994,2.620,1.154,-15
105887,0,1,10,10,1.004,2.859,1.237,-10
106155,0,1,10,10,0.999,1.257,0.847,-12
106424,0,1,10,10,1.004,1.657,0.927,-7
106693,0,1,10,10,1.002,2.031,1.007,-5
106962,0,1,10,10,0.994,2.374,1.086,-12
107231,0,1,10,10,0.997,2.653,1.167,-14
107500,0,1,10,10,1.005,2.899,1.250,-9
107768,0,1,10,10,1.001,1.316,0.859,-8
108037,0,1,10,10,1.003,1.720,0.938,-5
108306,0,1,10,10,0.998,2.093,1.018,-7
108575,0,1,10,10,0.996,2.414,1.098,-12
108844,0,1,10,10,0.996,2.702,1.180,-16
109113,0,1,10,10,1.010,2.926,1.263,-6
109381,0,1,10,10,1.000,1.389,0.872,-6
109650,0,1,10,10,1.001,1.780,0.950,-4
109919,0,1,10,10,0.998,2.142,1.030,-7
110188,0,1,10,10,0.993,2.469,1.110,-14
110457,0,1,10,10,0.999,2.737,1.193,-16
110725,0,1,10,10,0.991,1.045,0.805,-26
110994,0,1,10,10,1.008,1.441,0.889,-17
111263,0,1,10,10,1.008,1.841,0.970,-9
111532,0,1,10,10,1.000,2.199,1.046,-9
111801,0,1,10,10,0.995,2.512,1.125,-14
112070,0,1,10,10,0.999,2.780,1.206,-16
112338,0,1,10,10,0.995,1.097,0.818,-21
112607,0,1,10,10,1.005,1.515,0.900,-15
112876,0,1,10,10,1.007,1.895,0.980,-8
113145,0,1,10,10,0.998,2.254,1.058,-10
113414,0,1,10,10,0.995,2.558,1.137,-16
113683,0,1,10,10,1.002,2.813,1.220,-14
113951,0,1,10,10,0.996,1.175,0.830,-19
114220,0,1,10,10,1.007,1.567,0.912,-11
114489,0,1,10,10,1.003,1.962,0.992,-9
114758,0,1,10,10,0.998,2.298,1.070,-11
115027,0,1,10,10,0.995,2.603,1.150,-16
115296,0,1,10,10,1.002,2.852,1.232,-14
115564,0,1,10,10,0.999,1.230,0.843,-15
115833,0,1,10,10,1.004,1.642,0.923,-11
116102,0,1,10,10,1.004,2.007,1.003,-7
116371,0,1,10,10,0.995,2.357,1.082,-13
116640,0,1,10,10,0.995,2.643,1.163,-17
116909,0,1,10,10,1.005,2.885,1.246,-12
117177,0,1,10,10,1.000,1.302,0.855,-13
117446,0,1,10,10,1.005,1.692,0.935,-7
117715,0,1,10,10,0.998,2.076,1.014,-9
117984,0,1,10,10,0.996,2.398,1.094,-14
118253,0,1,10,10,0.996,2.688,1.176,-18
118522,0,1,10,10,1.007,2.919,1.258,-10
118790,0,1,10,10,1.001,1.361,0.868,-9
119059,0,1,10,10,1.001,1.764,0.946,-8
119328,0,1,10,10,0.999,2.122,1.026,-9
119597,0,1,10,10,0.993,2.453,1.106,-16
119866,0,1,10,10,0.998,2.723,1.189,-18
120135,0,1,10,10,1.010,2.953,1.271,-7
120403,0,1,10,10,1.001,1.428,0.879,-6
120672,0,1,10,10,1.001,1.818,0.957,-5
120941,0,1,10,10,0.995,2.183,1.037,-10
121210,0,1,10,10,0.994,2.494,1.119,-16
121479,0,1,10,10,0.998,2.768,1.202,-19
121747,0,1,10,10,0.994,1.079,0.814,-25
122016,0,1,10,10,1.006,1.493,0.896,-19
122285,0,1,10,10,1.007,1.880,0.977,-12
122554,0,1,10,10,1.000,2.231,1.054,-12
122823,0,1,10,10,0.994,2.547,1.133,-18
123092,0,1,10,10,1.002,2.798,1.215,-16
123360,0,1,10,10,0.995,1.153,0.826,-22
123629,0,1,10,10,1.006,1.550,0.908,-15
123898,0,1,10,10,1.004,1.939,0.988,-11
124167,0,1,10,10,0.997,2.289,1.066,-14
124436,0,1,10,10,0.996,2.584,1.146,-18
124705,0,1,10,10,1.002,2.842,1.228,-17
124973,0,1,10,10,0.999,1.205,0.839,-18
125242,0,1,10,10,1.004,1.620,0.919,-13
125511,0,1,10,10,1.002,1.996,0.999,-11
125780,0,1,10,10,0.997,2.335,1.078,-14
126049,0,1,10,10,0.994,2.636,1.159,-21
126318,0,1,10,10,1.006,2.871,1.242,-15
126586,0,1,10,10,0.999,1.282,0.852,-16
126855,0,1,10,10,1.005,1.672,0.931,-10
127124,0,1,10,10,1.000,2.053,1.010,-10
127393,0,1,10,10,0.994,2.387,1.090,-16
127662,0,1,10,10,0.996,2.670,1.171,-20
127931,0,1,10,10,1.006,2.911,1.254,-14
128199,0,1,10,10,1.002,1.334,0.864,-11
128468,0,1,10,10,1.002,1.742,0.942,-9
128737,0,1,10,10,0.999,2.105,1.022,-11
129006,0,1,10,10,0.994,2.436,1.102,-18
129275,0,1,10,10,0.997,2.713,1.184,-21
129544,0,1,10,10,1.010,2.939,1.267,-11
129812,0,1,10,10,1.001,1.409,0.876,-10
130081,0,1,10,10,1.002,1.794,0.954,-7
130350,0,1,10,10,0.995,2.167,1.033,-12
130619,0,1,10,10,0.994,2.480,1.114,-19
130888,0,1,10,10,0.998,2.752,1.198,-21
131156,0,1,10,10,0.992,1.065,0.810,-29
131425,0,1,10,10,1.008,1.464,0.893,-21
131694,0,1,10,10,1.006,1.865,0.973,-14
131963,0,1,10,10,1.002,2.209,1.050,-13
132232,0,1,10,10,0.994,2.531,1.129,-19
132501,0,1,10,10,1.000,2.790,1.210,-19
132769,0,1,10,10,0.995,1.125,0.822,-25
133038,0,1,10,10,1.005,1.536,0.904,-19
133307,0,1,10,10,1.007,1.911,0.984,-12
133576,0,1,10,10,0.997,2.273,1.062,-15
133845,0,1,10,10,0.996,2.569,1.141,-20
134114,0,1,10,10,1.001,2.828,1.224,-19
134382,0,1,10,10,0.997,1.191,0.834,-22
134651,0,1,10,10,1.006,1.591,0.915,-15
134920,0,1,10,10,1.002,1.981,0.995,-13
135189,0,1,10,10,0.998,2.314,1.074,-16
135458,0,1,10,10,0.994,2.618,1.154,-21
135727,0,1,10,10,1.004,2.861,1.237,-17
135995,0,1,10,10,0.999,1.256,0.847,-18
136264,0,1,10,10,1.004,1.659,0.927,-14
136533,0,1,10,10,1.002,2.031,1.007,-13
136802,0,1,10,10,0.995,2.373,1.086,-18
137071,0,1,10,10,0.997,2.654,1.167,-21
137340,0,1,10,10,1.005,2.899,1.250,-16
137608,0,1,10,10,1.001,1.317,0.859,-15
137877,0,1,10,10,1.003,1.719,0.938,-12
138146,0,1,10,10,0.999,2.090,1.018,-13
138415,0,1,10,10,0.995,2.415,1.098,-18
138684,0,1,10,10,0.996,2.702,1.180,-23
138953,0,1,10,10,1.009,2.926,1.263,-13
139221,0,1,10,10,1.001,1.387,0.871,-12
139490,0,1,10,10,1.002,1.776,0.949,-10
139759,0,1,10,10,0.997,2.144,1.029,-13
140028,0,1,10,10,0.993,2.469,1.110,-21
140297,0,1,10,10,0.999,2.735,1.193,-22
140565,0,1,10,10,0.990,1.045,0.805,-32
140834,0,1,10,10,1.008,1.439,0.888,-24
141103,0,1,10,10,1.007,1.842,0.969,-16
141372,0,1,10,10,1.000,2.199,1.046,-16
141641,0,1,10,10,0.995,2.511,1.125,-21
141910,0,1,10,10,0.999,2.780,1.206,-23
142178,0,1,10,10,0.995,1.097,0.818,-28
142447,0,1,10,10,1.005,1.516,0.900,-22
142716,0,1,10,10,1.007,1.895,0.980,-15
142985,0,1,10,10,0.998,2.251,1.058,-16
143254,0,1,10,10,0.994,2.559,1.137,-22
143523,0,1,10,10,1.002,2.812,1.219,-21
143791,0,1,10,10,0.996,1.173,0.830,-25
144060,0,1,10,10,1.007,1.566,0.911,-18
144329,0,1,10,10,1.003,1.960,0.991,-15
144598,0,1,10,10,0.997,2.300,1.069,-18
144867,0,1,10,10,0.995,2.602,1.150,-23
145136,0,1,10,10,1.003,2.852,1.232,-21
145404,0,1,10,10,1.000,1.228,0.843,-21
145673,0,1,10,10,1.004,1.640,0.923,-17
145942,0,1,10,10,1.003,2.009,1.003,-14
146211,0,1,10,10,0.995,2.356,1.081,-19
146480,0,1,10,10,0.996,2.643,1.163,-24
146749,0,1,10,10,1.005,2.885,1.246,-19
147017,0,1,10,10,1.000,1.300,0.855,-19
147286,0,1,10,10,1.005,1.693,0.935,-14
147555,0,1,10,10,0.998,2.077,1.014,-16
147824,0,1,10,10,0.996,2.396,1.094,-20
148093,0,1,10,10,0.996,2.687,1.176,-24
148362,0,1,10,10,1.007,2.919,1.258,-17
148630,0,1,10,10,1.001,1.360,0.867,-15
148899,0,1,10,10,1.001,1.763,0.946,-14
149168,0,1,10,10,1.000,2.118,1.026,-14
149437,0,1,10,10,0.993,2.454,1.106,-22
149706,0,1,10,10,0.998,2.722,1.188,-24
149975,0,1,10,10,1.010,2.952,1.271,-14
150243,0,1,10,10,1.001,1.427,0.879,-13
150512,0,1,10,10,1.001,1.815,0.957,-11
150781,0,1,10,10,0.995,2.184,1.037,-17
151050,0,1,10,10,0.995,2.491,1.119,-22
151319,0,1,10,10,0.998,2.767,1.202,-25
151587,0,1,10,10,0.994,1.078,0.813,-31
151856,0,1,10,10,1.006,1.490,0.896,-25
152125,0,1,10,10,1.006,1.881,0.977,-18
152394,0,1,10,10,1.000,2.230,1.054,-18
152663,0,1,10,10,0.994,2.545,1.133,-24
152932,0,1,10,10,1.002,2.798,1.215,-22
153200,0,1,10,10,0.995,1.150,0.826,-28
153469,0,1,10,10,1.006,1.551,0.907,-22
153738,0,1,10,10,1.004,1.937,0.988,-17
154007,0,1,10,10,0.997,2.287,1.066,-20
154276,0,1,10,10,0.996,2.583,1.146,-24
154545,0,1,10,10,1.001,2.842,1.228,-23
154813,0,1,10,10,0.999,1.204,0.839,-24
155082,0,1,10,10,1.004,1.619,0.919,-20
155351,0,1,10,10,1.003,1.993,0.999,-17
155620,0,1,10,10,0.996,2.335,1.078,-21
155889,0,1,10,10,0.994,2.632,1.158,-27
156158,0,1,10,10,1.005,2.870,1.241,-21
156426,0,1,10,10,0.999,1.280,0.851,-22
156695,0,1,10,10,1.005,1.669,0.931,-16
156964,0,1,10,10,0.999,2.055,1.010,-17
157233,0,1,10,10,0.994,2.386,1.089,-23
157502,0,1,10,10,0.997,2.669,1.171,-26
157771,0,1,10,10,1.006,2.910,1.254,-20
158039,0,1,10,10,1.002,1.332,0.863,-17
158308,0,1,10,10,1.001,1.743,0.942,-16
158577,0,1,10,10,0.999,2.105,1.021,-17
158846,0,1,10,10,0.994,2.434,1.102,-24
159115,0,1,10,10,0.997,2.713,1.184,-27
159384,0,1,10,10,1.010,2.938,1.267,-17
159652,0,1,10,10,1.001,1.409,0.875,-16
159921,0,1,10,10,1.002,1.793,0.953,-14
160190,0,1,10,10,0.996,2.164,1.033,-18
160459,0,1,10,10,0.993,2.481,1.114,-25
160728,0,1,10,10,0.998,2.751,1.197,-27
160996,0,1,10,10,0.992,1.064,0.809,-36
161265,0,1,10,10,1.008,1.462,0.892,-28
161534,0,1,10,10,1.007,1.862,0.973,-20
161803,0,1,10,10,1.001,2.211,1.050,-20
162072,0,1,10,10,0.994,2.530,1.129,-26
162341,0,1,10,10,1.000,2.789,1.210,-26
162609,0,1,10,10,0.995,1.124,0.822,-31
162878,0,1,10,10,1.005,1.534,0.904,-26
163147,0,1,10,10,1.007,1.913,0.984,-19
163416,0,1,10,10,0.997,2.272,1.062,-22
163685,0,1,10,10,0.996,2.567,1.141,-26
163954,0,1,10,10,1.001,2.829,1.224,-25
164222,0,1,10,10,0.997,1.189,0.834,-28
164491,0,1,10,10,1.006,1.591,0.915,-22
164760,0,1,10,10,1.002,1.980,0.995,-20
165029,0,1,10,10,0.998,2.314,1.074,-22
165298,0,1,10,10,0.994,2.618,1.154,-28
165567,0,1,10,10,1.004,2.859,1.237,-23
165835,0,1,10,10,0.999,1.255,0.847,-25
166104,0,1,10,10,1.004,1.660,0.927,-21
166373,0,1,10,10,1.002,2.027,1.007,-18
166642,0,1,10,10,0.993,2.376,1.086,-25
166911,0,1,10,10,0.997,2.653,1.167,-28
167180,0,1,10,10,1.005,2.900,1.250,-23
167448,0,1,10,10,1.001,1.316,0.859,-22
167717,0,1,10,10,1.004,1.716,0.938,-18
167986,0,1,10,10,0.998,2.091,1.018,-20
168255,0,1,10,10,0.995,2.416,1.098,-25
168524,0,1,10,10,0.996,2.701,1.180,-30
168793,0,1,10,10,1.010,2.926,1.263,-19
169061,0,1,10,10,1.001,1.385,0.871,-18
169330,0,1,10,10,1.001,1.779,0.949,-17
169599,0,1,10,10,0.997,2.143,1.029,-20
169868,0,1,10,10,0.993,2.467,1.110,-28
170137,0,1,10,10,0.999,2.735,1.193,-29
170405,0,1,10,10,0.990,1.044,0.805,-39
170674,0,1,10,10,1.008,1.440,0.888,-31
170943,0,1,10,10,1.007,1.842,0.969,-23
171212,0,1,10,10,1.000,2.197,1.046,-22
171481,0,1,10,10,0.995,2.512,1.124,-28
171750,0,1,10,10,0.998,2.780,1.206,-29
172018,0,1,10,10,0.995,1.095,0.818,-34
172287,0,1,10,10,1.005,1.515,0.900,-28
172556,0,1,10,10,1.007,1.893,0.980,-21
172825,0,1,10,10,0.998,2.252,1.058,-23
173094,0,1,10,10,0.994,2.558,1.137,-29
173363,0,1,10,10,1.002,2.812,1.219,-27
173631,0,1,10,10,0.996,1.173,0.830,-32
173900,0,1,10,10,1.007,1.564,0.911,-24
174169,0,1,10,10,1.003,1.961,0.991,-21
174438,0,1,10,10,0.997,2.301,1.069,-25
174707,0,1,10,10,0.995,2.601,1.150,-30
174976,0,1,10,10,1.003,2.852,1.232,-27
175244,0,1,10,10,1.000,1.226,0.843,-27
175513,0,1,10,10,1.004,1.641,0.923,-24
175782,0,1,10,10,1.003,2.007,1.003,-20
176051,0,1,10,10,0.995,2.354,1.081,-26
176320,0,1,10,10,0.996,2.643,1.162,-30
176589,0,1,10,10,1.005,2.884,1.245,-25
176857,0,1,10,10,0.999,1.300,0.855,-26
177126,0,1,10,10,1.005,1.691,0.934,-20
177395,0,1,10,10,0.999,2.072,1.014,-21
177664,0,1,10,10,0.996,2.397,1.093,-26
177933,0,1,10,10,0.995,2.688,1.175,-31
178202,0,1,10,10,1.007,2.919,1.258,-24
178470,0,1,10,10,1.002,1.358,0.868,-22
178739,0,1,10,10,1.002,1.761,0.946,-20
179008,0,1,10,10,0.999,2.121,1.025,-21
179277,0,1,10,10,0.993,2.453,1.106,-29
179546,0,1,10,10,0.998,2.722,1.188,-31
179815,0,1,10,10,1.010,2.951,1.271,-20
180083,0,1,10,10,1.001,1.425,0.879,-19
180352,0,1,10,10,1.001,1.815,0.957,-18
180621,0,1,10,10,0.995,2.183,1.037,-24
180890,0,1,10,10,0.995,2.490,1.118,-29
181159,0,1,10,10,0.997,2.768,1.202,-32
181427,0,1,10,10,0.994,1.077,0.813,-38
181696,0,1,10,10,1.007,1.489,0.896,-31
181965,0,1,10,10,1.006,1.880,0.977,-25
182234,0,1,10,10,1.001,2.227,1.054,-24
182503,0,1,10,10,0.994,2.545,1.133,-31
182772,0,1,10,10,1.002,2.797,1.215,-29
183040,0,1,10,10,0.995,1.149,0.826,-34
183309,0,1,10,10,1.006,1.550,0.907,-28
183578,0,1,10,10,1.005,1.934,0.987,-23
183847,0,1,10,10,0.996,2.288,1.065,-27
184116,0,1,10,10,0.996,2.582,1.145,-31
184385,0,1,10,10,1.001,2.841,1.228,-29
184653,0,1,10,10,0.999,1.203,0.838,-30
184922,0,1,10,10,1.004,1.616,0.919,-26
185191,0,1,10,10,1.002,1.994,0.998,-23
185460,0,1,10,10,0.996,2.335,1.077,-28
185729,0,1,10,10,0.995,2.632,1.158,-33
185998,0,1,10,10,1.006,2.870,1.241,-27
186266,0,1,10,10,0.999,1.278,0.851,-28
186535,0,1,10,10,1.005,1.672,0.930,-23
186804,0,1,10,10,1.000,2.053,1.010,-23
187073,0,1,10,10,0.995,2.385,1.089,-29
187342,0,1,10,10,0.997,2.669,1.171,-33
187611,0,1,10,10,1.005,2.911,1.254,-27
187879,0,1,10,10,1.002,1.331,0.863,-24
188148,0,1,10,10,1.002,1.741,0.942,-22
188417,0,1,10,10,0.999,2.102,1.021,-23
188686,0,1,10,10,0.993,2.435,1.102,-30
188955,0,1,10,10,0.996,2.715,1.184,-35
189224,0,1,10,10,1.010,2.937,1.267,-24
189492,0,1,10,10,1.001,1.407,0.876,-23
189761,0,1,10,10,1.003,1.790,0.953,-19
190030,0,1,10,10,0.995,2.164,1.033,-24
190299,0,1,10,10,0.993,2.479,1.114,-31
190568,0,1,10,10,0.998,2.750,1.197,-33
190836,0,1,10,10,0.992,1.063,0.809,-42
191105,0,1,10,10,1.008,1.459,0.892,-33
191374,0,1,10,10,1.006,1.862,0.973,-27
191643,0,1,10,10,1.001,2.209,1.050,-26
191912,0,1,10,10,0.995,2.527,1.128,-31
192181,0,1,10,10,0.999,2.789,1.210,-32
192449,0,1,10,10,0.995,1.121,0.821,-37
192718,0,1,10,10,1.005,1.534,0.903,-32
192987,0,1,10,10,1.007,1.910,0.984,-25
193256,0,1,10,10,0.997,2.270,1.061,-28
193525,0,1,10,10,0.996,2.567,1.141,-32
193794,0,1,10,10,1.001,2.827,1.223,-31
194062,0,1,10,10,0.997,1.189,0.834,-34
194331,0,1,10,10,1.006,1.589,0.915,-28
194600,0,1,10,10,1.003,1.976,0.995,-25
194869,0,1,10,10,0.998,2.312,1.073,-28
195138,0,1,10,10,0.994,2.617,1.154,-34
195407,0,1,10,10,1.004,2.859,1.236,-30
195675,0,1,10,10,0.999,1.253,0.847,-31
195944,0,1,10,10,1.004,1.655,0.926,-26
196213,0,1,10,10,1.002,2.028,1.006,-25
196482,0,1,10,10,0.994,2.372,1.085,-31
196751,0,1,10,10,0.997,2.651,1.167,-34
197020,0,1,10,10,1.005,2.897,1.249,-28
197288,0,1,10,10,1.001,1.313,0.859,-27
197557,0,1,10,10,1.003,1.716,0.938,-24
197826,0,1,10,10,0.998,2.090,1.017,-26
198095,0,1,10,10,0.996,2.412,1.097,-31
198364,0,1,10,10,0.996,2.701,1.180,-35
198633,0,1,10,10,1.009,2.925,1.262,-25
198901,0,1,10,10,1.001,1.384,0.871,-25
199170,0,1,10,10,1.001,1.777,0.949,-23
199439,0,1,10,10,0.998,2.139,1.029,-26
199708,0,1,10,10,0.993,2.467,1.110,-33
199977,0,1,10,10,0.999,2.733,1.193,-35
200245,0,1,10,10,0.990,1.042,0.805,-45
200514,0,1,10,10,1.008,1.438,0.888,-37
200783,0,1,10,10,1.008,1.838,0.969,-28
201052,0,1,10,10,1.000,2.197,1.045,-28
201321,0,1,10,10,0.996,2.508,1.124,-33
201590,0,1,10,10,0.998,2.778,1.206,-35
201858,0,1,10,10,0.995,1.093,0.817,-40
202127,0,1,10,10,1.006,1.511,0.899,-34
202396,0,1,10,10,1.007,1.893,0.980,-27
202665,0,1,10,10,0.998,2.249,1.057,-29
202934,0,1,10,10,0.994,2.556,1.136,-35
203203,0,1,10,10,1.001,2.812,1.219,-34
203471,0,1,10,10,0.996,1.169,0.830,-38
203740,0,1,10,10,1.007,1.563,0.911,-30
204009,0,1,10,10,1.003,1.958,0.991,-27
204278,0,1,10,10,0.997,2.299,1.069,-30
204547,0,1,10,10,0.995,2.599,1.149,-35
204816,0,1,10,10,1.002,2.851,1.232,-33
205084,0,1,10,10,1.000,1.224,0.842,-34
205353,0,1,10,10,1.004,1.639,0.923,-30
205622,0,1,10,10,1.004,2.003,1.002,-26
205891,0,1,10,10,0.995,2.353,1.081,-31
206160,0,1,10,10,0.995,2.642,1.162,-36
206429,0,1,10,10,1.005,2.883,1.245,-31
206697,0,1,10,10,0.999,1.298,0.855,-31
206966,0,1,10,10,1.005,1.687,0.934,-26
207235,0,1,10,10,0.998,2.072,1.013,-27
207504,0,1,10,10,0.996,2.395,1.093,-32
207773,0,1,10,10,0.996,2.684,1.175,-37
208042,0,1,10,10,1.007,2.917,1.258,-29
208310,0,1,10,10,1.002,1.354,0.867,-27
208579,0,1,10,10,1.001,1.761,0.945,-26
208848,0,1,10,10,0.999,2.117,1.025,-27
209117,0,1,10,10,0.993,2.451,1.105,-34
209386,0,1,10,10,0.998,2.721,1.188,-37
209655,0,1,10,10,1.010,2.950,1.271,-26
209923,0,1,10,10,1.001,1.424,0.879,-25
210192,0,1,10,10,1.001,1.812,0.956,-24
210461,0,1,10,10,0.995,2.180,1.036,-29
210730,0,1,10,10,0.995,2.489,1.118,-35
210999,0,1,10,10,0.998,2.765,1.201,-37
211267,0,1,10,10,0.993,1.076,0.813,-44
211536,0,1,10,10,1.007,1.486,0.896,-37
211805,0,1,10,10,1.007,1.877,0.976,-30
212074,0,1,10,10,1.000,2.226,1.053,-30
212343,0,1,10,10,0.994,2.543,1.132,-36
212612,0,1,10,10,1.001,2.796,1.214,-35
212880,0,1,10,10,0.995,1.147,0.825,-40
213149,0,1,10,10,1.006,1.547,0.907,-34
213418,0,1,10,10,1.005,1.932,0.987,-29
213687,0,1,10,10,0.997,2.285,1.065,-32
213956,0,1,10,10,0.996,2.580,1.145,-36
214225,0,1,10,10,1.001,2.839,1.227,-35
214493,0,1,10,10,0.999,1.199,0.838,-36
214762,0,1,10,10,1.004,1.615,0.918,-32
215031,0,1,10,10,1.002,1.992,0.998,-29
215300,0,1,10,10,0.997,2.330,1.077,-33
215569,0,1,10,10,0.994,2.630,1.158,-39
215838,0,1,10,10,1.005,2.869,1.240,-33
216106,0,1,10,10,0.999,1.277,0.850,-34
216375,0,1,10,10,1.005,1.669,0.930,-29
216644,0,1,10,10,1.001,2.048,1.010,-29
216913,0,1,10,10,0.994,2.384,1.089,-35
217182,0,1,10,10,0.997,2.666,1.171,-38
217451,0,1,10,10,1.006,2.908,1.253,-32
217719,0,1,10,10,1.002,1.328,0.863,-30
217988,0,1,10,10,1.002,1.737,0.941,-28
218257,0,1,10,10,0.998,2.103,1.021,-29
218526,0,1,10,10,0.994,2.432,1.101,-36
218795,0,1,10,10,0.996,2.712,1.184,-40
219064,0,1,10,10,1.010,2.936,1.267,-29
219332,0,1,10,10,1.001,1.404,0.875,-28
219601,0,1,10,10,1.002,1.790,0.953,-26
219870,0,1,10,10,0.996,2.162,1.032,-30
220139,0,1,10,10,0.993,2.478,1.113,-37
220408,0,1,10,10,0.999,2.748,1.197,-39
220676,0,1,10,10,0.992,1.059,0.809,-48
220945,0,1,10,10,1.008,1.457,0.892,-39
221214,0,1,10,10,1.006,1.860,0.972,-32
221483,0,1,10,10,1.001,2.206,1.049,-31
221752,0,1,10,10,0.994,2.526,1.128,-37
222021,0,1,10,10,0.999,2.787,1.209,-38
222289,0,1,10,10,0.995,1.118,0.821,-43
222558,0,1,10,10,1.005,1.532,0.903,-38
222827,0,1,10,10,1.007,1.906,0.983,-30
223096,0,1,10,10,0.997,2.268,1.061,-33
223365,0,1,10,10,0.995,2.566,1.140,-38
223634,0,1,10,10,1.001,2.826,1.223,-37
223902,0,1,10,10,0.997,1.187,0.834,-41
224171,0,1,10,10,1.006,1.585,0.915,-34
224440,0,1,10,10,1.002,1.976,0.994,-32
224709,0,1,10,10,0.998,2.310,1.073,-34
224978,0,1,10,10,0.994,2.617,1.153,-40
225247,0,1,10,10,1.003,2.860,1.236,-37
225515,0,1,10,10,0.999,1.249,0.846,-37
225784,0,1,10,10,1.004,1.656,0.926,-33
226053,0,1,10,10,1.002,2.026,1.006,-31
226322,0,1,10,10,0.995,2.369,1.085,-37
226591,0,1,10,10,0.997,2.650,1.166,-40
226860,0,1,10,10,1.005,2.897,1.249,-34
227128,0,1,10,10,1.000,1.313,0.858,-34
227397,0,1,10,10,1.003,1.713,0.938,-31
227666,0,1,10,10,0.999,2.087,1.017,-32
227935,0,1,10,10,0.996,2.410,1.097,-36
228204,0,1,10,10,0.995,2.701,1.179,-42
228473,0,1,10,10,1.009,2.924,1.262,-32
228741,0,1,10,10,1.001,1.381,0.871,-31
229010,0,1,10,10,1.002,1.774,0.949,-29
229279,0,1,10,10,0.997,2.140,1.029,-32
229548,0,1,10,10,0.993,2.465,1.109,-40
229817,0,1,10,10,0.999,2.731,1.192,-40
230086,0,1,10,10,1.010,2.962,1.275,-30
230354,0,1,10,10,1.003,1.436,0.882,-27
230623,0,1,10,10,0.999,1.837,0.960,-28
230892,0,1,10,10,0.995,2.195,1.040,-33
231161,0,1,10,10,0.994,2.506,1.122,-40
231430,0,1,10,10,0.998,2.776,1.205,-41
231698,0,1,10,10,0.996,1.089,0.817,-46
231967,0,1,10,10,1.005,1.510,0.899,-40
232236,0,1,10,10,1.006,1.892,0.979,-33
232505,0,1,10,10,0.998,2.247,1.057,-35
232774,0,1,10,10,0.994,2.556,1.136,-41
233043,0,1,10,10,1.002,2.809,1.219,-39
233311,0,1,10,10,0.996,1.169,0.829,-44
233580,0,1,10,10,1.007,1.562,0.911,-36
233849,0,1,10,10,1.003,1.955,0.990,-33
234118,0,1,10,10,0.997,2.298,1.068,-36
234387,0,1,10,10,0.995,2.597,1.149,-41
234656,0,1,10,10,1.001,2.852,1.231,-40
234924,0,1,10,10,1.000,1.221,0.842,-40
235193,0,1,10,10,1.004,1.635,0.922,-35
235462,0,1,10,10,1.003,2.004,1.002,-32
235731,0,1,10,10,0.995,2.352,1.080,-38
236000,0,1,10,10,0.995,2.643,1.162,-43
236269,0,1,10,10,1.006,2.881,1.245,-37
236537,0,1,10,10,1.000,1.295,0.855,-37
236806,0,1,10,10,1.005,1.687,0.934,-32
237075,0,1,10,10,0.999,2.071,1.013,-34
237344,0,1,10,10,0.996,2.394,1.093,-38
237613,0,1,10,10,0.996,2.683,1.175,-43
237882,0,1,10,10,1.007,2.918,1.257,-36
238150,0,1,10,10,1.002,1.353,0.867,-34
238419,0,1,10,10,1.001,1.759,0.945,-32
238688,0,1,10,10,0.999,2.115,1.025,-33
238957,0,1,10,10,0.993,2.451,1.105,-41
239226,0,1,10,10,0.998,2.720,1.188,-43
239495,0,1,10,10,1.010,2.949,1.271,-33
239763,0,1,10,10,1.001,1.423,0.879,-31
240032,0,1,10,10,1.002,1.809,0.956,-30
240301,0,1,10,10,0.995,2.180,1.036,-35
240570,0,1,10,10,0.995,2.488,1.118,-41
240839,0,1,10,10,0.998,2.764,1.201,-43
241107,0,1,10,10,0.993,1.075,0.812,-50
241376,0,1,10,10,1.007,1.482,0.895,-43
241645,0,1,10,10,1.006,1.877,0.976,-36
241914,0,1,10,10,1.000,2.225,1.053,-36
242183,0,1,10,10,0.994,2.542,1.132,-43
242452,0,1,10,10,1.002,2.795,1.214,-41
242720,0,1,10,10,0.995,1.143,0.825,-46
242989,0,1,10,10,1.006,1.547,0.906,-40
243258,0,1,10,10,1.005,1.931,0.987,-35
243527,0,1,10,10,0.997,2.284,1.065,-39
243796,0,1,10,10,0.996,2.581,1.145,-43
244065,0,1,10,10,1.001,2.838,1.227,-42
244333,0,1,10,10,0.999,1.200,0.838,-43
244602,0,1,10,10,1.005,1.612,0.918,-38
244871,0,1,10,10,1.002,1.990,0.998,-35
245140,0,1,10,10,0.997,2.329,1.077,-39
245409,0,1,10,10,0.994,2.631,1.157,-45
245678,0,1,10,10,1.005,2.867,1.240,-39
245946,0,1,10,10,0.999,1.275,0.850,-40
246215,0,1,10,10,1.005,1.667,0.930,-35
246484,0,1,10,10,1.000,2.049,1.009,-35
246753,0,1,10,10,0.994,2.383,1.088,-41
247022,0,1,10,10,0.997,2.665,1.170,-44
247291,0,1,10,10,1.006,2.907,1.253,-38
247559,0,1,10,10,1.002,1.326,0.862,-36
247828,0,1,10,10,1.002,1.737,0.941,-34
248097,0,1,10,10,0.998,2.101,1.020,-36
248366,0,1,10,10,0.994,2.431,1.101,-42
248635,0,1,10,10,0.996,2.712,1.183,-46
248904,0,1,10,10,1.011,2.934,1.266,-35
249172,0,1,10,10,1.001,1.404,0.875,-34
249441,0,1,10,10,1.002,1.788,0.952,-32
249710,0,1,10,10,0.996,2.160,1.032,-36
249979,0,1,10,10,0.993,2.477,1.113,-44
250248,0,1,10,10,0.999,2.747,1.196,-45
250516,0,1,10,10,0.991,1.059,0.808,-54
250785,0,1,10,10,1.008,1.457,0.891,-46
251054,0,1,10,10,1.007,1.857,0.972,-38
251323,0,1,10,10,1.001,2.206,1.049,-37
251592,0,1,10,10,0.994,2.525,1.127,-43
251861,0,1,10,10,0.999,2.788,1.209,-45
252129,0,1,10,10,0.995,1.116,0.821,-50
252398,0,1,10,10,1.006,1.529,0.903,-44
252667,0,1,10,10,1.007,1.906,0.983,-36
252936,0,1,10,10,0.997,2.269,1.060,-40
253205,0,1,10,10,0.996,2.566,1.140,-45
253474,0,1,10,10,1.001,2.823,1.223,-43
253742,0,1,10,10,0.997,1.184,0.833,-47
254011,0,1,10,10,1.006,1.585,0.914,-40
254280,0,1,10,10,1.002,1.976,0.994,-38
254549,0,1,10,10,0.998,2.308,1.072,-40
254818,0,1,10,10,0.994,2.614,1.153,-46
255087,0,1,10,10,1.003,2.859,1.235,-43
255355,0,1,10,10,0.999,1.247,0.846,-43
255624,0,1,10,10,1.004,1.654,0.926,-39
255893,0,1,10,10,1.003,2.022,1.006,-36
256162,0,1,10,10,0.994,2.368,1.085,-42
256431,0,1,10,10,0.997,2.650,1.166,-46
256700,0,1,10,10,1.005,2.895,1.248,-40
256968,0,1,10,10,1.000,1.312,0.858,-40
257237,0,1,10,10,1.004,1.709,0.937,-36
257506,0,1,10,10,0.998,2.088,1.017,-38
257775,0,1,10,10,0.996,2.408,1.097,-43
258044,0,1,10,10,0.996,2.698,1.179,-47
258313,0,1,10,10,1.009,2.924,1.261,-38
258581,0,1,10,10,1.001,1.377,0.870,-37
258850,0,1,10,10,1.001,1.774,0.948,-35
259119,0,1,10,10,0.997,2.137,1.028,-38
259388,0,1,10,10,0.993,2.464,1.109,-46
259657,0,1,10,10,0.999,2.730,1.192,-46
259926,0,1,10,10,1.010,2.961,1.274,-36
260194,0,1,10,10,1.002,1.436,0.882,-33
260463,0,1,10,10,0.999,1.835,0.960,-34
260732,0,1,10,10,0.995,2.194,1.040,-39
261001,0,1,10,10,0.994,2.506,1.122,-46
261270,0,1,10,10,0.998,2.776,1.205,-48
261538,0,1,10,10,0.996,1.089,0.817,-53
261807,0,1,10,10,1.006,1.508,0.899,-47
262076,0,1,10,10,1.007,1.889,0.979,-39
262345,0,1,10,10,0.999,2.245,1.057,-41
262614,0,1,10,10,0.994,2.555,1.136,-47
262883,0,1,10,10,1.002,2.808,1.218,-45
263151,0,1,10,10,0.996,1.166,0.829,-50
263420,0,1,10,10,1.007,1.558,0.910,-42
263689,0,1,10,10,1.003,1.954,0.990,-39
263958,0,1,10,10,0.997,2.296,1.068,-42
264227,0,1,10,10,0.995,2.595,1.148,-47
264496,0,1,10,10,1.002,2.849,1.231,-45
264764,0,1,10,10,1.000,1.219,0.842,-45
265033,0,1,10,10,1.004,1.634,0.922,-41
265302,0,1,10,10,1.003,2.003,1.001,-38
265571,0,1,10,10,0.995,2.349,1.080,-43
265840,0,1,10,10,0.995,2.640,1.161,-49
266109,0,1,10,10,1.005,2.881,1.244,-43
266377,0,1,10,10,0.999,1.295,0.854,-44
266646,0,1,10,10,1.005,1.684,0.934,-38
266915,0,1,10,10,0.999,2.068,1.013,-39
267184,0,1,10,10,0.995,2.394,1.092,-44
267453,0,1,10,10,0.996,2.681,1.174,-49
267722,0,1,10,10,1.007,2.916,1.257,-41
267990,0,1,10,10,1.002,1.350,0.866,-39
268259,0,1,10,10,1.001,1.755,0.945,-38
268528,0,1,10,10,0.999,2.113,1.024,-39
268797,0,1,10,10,0.992,2.449,1.105,-47
269066,0,1,10,10,0.998,2.719,1.187,-49
269335,0,1,10,10,1.010,2.947,1.270,-38
269603,0,1,10,10,1.001,1.419,0.878,-37
269872,0,1,10,10,1.001,1.808,0.956,-35
270141,0,1,10,10,0.995,2.178,1.036,-41
270410,0,1,10,10,0.994,2.488,1.117,-47
270679,0,1,10,10,0.998,2.762,1.200,-49
270947,0,1,10,10,0.993,1.073,0.812,-57
271216,0,1,10,10,1.007,1.481,0.895,-49
271485,0,1,10,10,1.006,1.877,0.975,-43
271754,0,1,10,10,1.001,2.221,1.053,-42
272023,0,1,10,10,0.994,2.541,1.132,-48
272292,0,1,10,10,1.001,2.794,1.213,-47
272560,0,1,10,10,0.995,1.141,0.825,-52
272829,0,1,10,10,1.006,1.545,0.906,-46
273098,0,1,10,10,1.005,1.928,0.986,-41
273367,0,1,10,10,0.997,2.283,1.064,-45
273636,0,1,10,10,0.996,2.577,1.144,-48
273905,0,1,10,10,1.001,2.837,1.227,-47
274173,0,1,10,10,0.998,1.199,0.837,-49
274442,0,1,10,10,1.005,1.607,0.918,-43
274711,0,1,10,10,1.002,1.990,0.997,-41
274980,0,1,10,10,0.997,2.327,1.076,-44
275249,0,1,10,10,0.994,2.628,1.157,-51
275518,0,1,10,10,1.005,2.866,1.240,-45
275786,0,1,10,10,0.999,1.270,0.850,-46
276055,0,1,10,10,1.004,1.668,0.929,-41
276324,0,1,10,10,1.000,2.045,1.009,-41
276593,0,1,10,10,0.994,2.382,1.088,-47
276862,0,1,10,10,0.997,2.663,1.170,-50
277131,0,1,10,10,1.006,2.906,1.253,-44
277399,0,1,10,10,1.002,1.324,0.862,-42
277668,0,1,10,10,1.002,1.734,0.940,-40
277937,0,1,10,10,0.998,2.100,1.020,-41
278206,0,1,10,10,0.994,2.427,1.100,-47
278475,0,1,10,10,0.996,2.709,1.183,-51
278744,0,1,10,10,1.010,2.933,1.266,-41
279012,0,1,10,10,1.001,1.401,0.874,-40
279281,0,1,10,10,1.003,1.784,0.952,-37
279550,0,1,10,10,0.996,2.157,1.032,-42
279819,0,1,10,10,0.993,2.476,1.112,-49
280088,0,1,10,10,0.999,2.744,1.196,-50
280356,0,1,10,10,0.991,1.056,0.808,-60
280625,0,1,10,10,1.008,1.452,0.891,-51
280894,0,1,10,10,1.006,1.857,0.971,-44
281163,0,1,10,10,1.001,2.205,1.048,-44
281432,0,1,10,10,0.995,2.522,1.127,-49
281701,0,1,10,10,0.999,2.785,1.209,-50
281969,0,1,10,10,0.995,1.111,0.820,-55
282238,0,1,10,10,1.005,1.529,0.902,-50
282507,0,1,10,10,1.007,1.903,0.982,-42
282776,0,1,10,10,0.997,2.264,1.060,-45
283045,0,1,10,10,0.995,2.564,1.139,-50
283314,0,1,10,10,1.001,2.821,1.222,-49
283582,0,1,10,10,0.996,1.184,0.833,-53
283851,0,1,10,10,1.007,1.580,0.914,-46
284120,0,1,10,10,1.002,1.972,0.994,-43
284389,0,1,10,10,0.998,2.306,1.072,-45
284658,0,1,10,10,0.994,2.612,1.152,-51
284927,0,1,10,10,1.003,2.857,1.235,-48
285195,0,1,10,10,0.999,1.245,0.845,-49
285464,0,1,10,10,1.004,1.649,0.925,-44
285733,0,1,10,10,1.003,2.019,1.005,-42
286002,0,1,10,10,0.994,2.366,1.084,-48
286271,0,1,10,10,0.997,2.647,1.165,-51
286540,0,1,10,10,1.005,2.893,1.248,-46
286808,0,1,10,10,1.000,1.308,0.857,-46
287077,0,1,10,10,1.003,1.709,0.937,-42
287346,0,1,10,10,0.998,2.085,1.016,-44
287615,0,1,10,10,0.996,2.406,1.096,-48
287884,0,1,10,10,0.996,2.695,1.178,-53
288153,0,1,10,10,1.008,2.924,1.261,-44
288421,0,1,10,10,1.001,1.376,0.870,-43
288690,0,1,10,10,1.001,1.772,0.948,-42
288959,0,1,10,10,0.998,2.133,1.028,-43
289228,0,1,10,10,0.992,2.464,1.109,-51
289497,0,1,10,10,0.999,2.729,1.191,-52
289766,0,1,10,10,1.010,2.959,1.274,-41
290034,0,1,10,10,1.002,1.435,0.882,-39
290303,0,1,10,10,1.000,1.830,0.959,-39
290572,0,1,10,10,0.994,2.193,1.039,-45
290841,0,1,10,10,0.994,2.502,1.121,-51
291110,0,1,10,10,0.998,2.774,1.204,-53
291378,0,1,10,10,0.995,1.086,0.816,-58
291647,0,1,10,10,1.006,1.503,0.898,-52
291916,0,1,10,10,1.006,1.889,0.979,-45
292185,0,1,10,10,0.999,2.242,1.056,-46
292454,0,1,10,10,0.994,2.555,1.135,-53
292723,0,1,10,10,1.002,2.805,1.218,-51
292991,0,1,10,10,0.996,1.161,0.829,-55
293260,0,1,10,10,1.007,1.557,0.910,-48
293529,0,1,10,10,1.003,1.951,0.989,-45
293798,0,1,10,10,0.997,2.295,1.067,-48
294067,0,1,10,10,0.996,2.593,1.148,-53
294336,0,1,10,10,1.002,2.846,1.230,-50
294604,0,1,10,10,1.000,1.215,0.841,-51
294873,0,1,10,10,1.004,1.630,0.921,-47
295142,0,1,10,10,1.003,2.001,1.001,-44
295411,0,1,10,10,0.995,2.346,1.079,-49
295680,0,1,10,10,0.994,2.640,1.160,-55
295949,0,1,10,10,1.006,2.878,1.244,-49
296217,0,1,10,10,0.999,1.291,0.854,-49
296486,0,1,10,10,1.006,1.678,0.933,-43
296755,0,1,10,10,0.999,2.066,1.012,-45
297024,0,1,10,10,0.995,2.392,1.091,-50
297293,0,1,10,10,0.996,2.679,1.174,-54
297562,0,1,10,10,1.006,2.916,1.256,-48
297830,0,1,10,10,1.003,1.344,0.866,-45
298099,0,1,10,10,1.001,1.754,0.944,-43
298368,0,1,10,10,1.000,2.110,1.024,-44
298637,0,1,10,10,0.993,2.444,1.104,-51
298906,0,1,10,10,0.997,2.718,1.186,-54
299175,0,1,10,10,1.010,2.943,1.269,-43
299443,0,1,10,10,1.001,1.418,0.877,-42
299712,0,1,10,10,1.002,1.803,0.955,-41
299981,0,1,10,10,0.995,2.176,1.035,-46
300250,0,1,10,10,0.995,2.484,1.116,-52
300519,0,1,10,10,0.998,2.759,1.200,-54
300787,0,1,10,10,0.993,1.071,0.811,-62
301056,0,1,10,10,1.007,1.475,0.894,-54
301325,0,1,10,10,1.006,1.872,0.975,-48
301594,0,1,10,10,1.001,2.220,1.052,-47
301863,0,1,10,10,0.994,2.538,1.131,-53
302132,0,1,10,10,1.001,2.793,1.213,-53
302400,0,1,10,10,0.995,1.137,0.824,-58
302669,0,1,10,10,1.006,1.541,0.905,-52
302938,0,1,10,10,1.006,1.924,0.986,-46
303207,0,1,10,10,0.997,2.280,1.063,-49
303476,0,1,10,10,0.996,2.574,1.143,-53
303745,0,1,10,10,1.001,2.834,1.226,-52
304013,0,1,10,10,0.998,1.194,0.836,-54
304282,0,1,10,10,1.005,1.604,0.917,-49
304551,0,1,10,10,1.002,1.988,0.997,-47
304820,0,1,10,10,0.998,2.322,1.075,-49
305089,0,1,10,10,0.994,2.625,1.156,-55
305358,0,1,10,10,1.005,2.863,1.239,-50
305626,0,1,10,10,0.999,1.267,0.849,-51
305895,0,1,10,10,1.004,1.665,0.928,-47
306164,0,1,10,10,1.001,2.039,1.008,-46
306433,0,1,10,10,0.994,2.379,1.087,-52
306702,0,1,10,10,0.997,2.660,1.169,-55
306971,0,1,10,10,1.005,2.904,1.252,-49
307239,0,1,10,10,1.002,1.321,0.861,-47
307508,0,1,10,10,1.002,1.729,0.940,-45
307777,0,1,10,10,0.998,2.097,1.019,-47
308046,0,1,10,10,0.995,2.423,1.100,-52
308315,0,1,10,10,0.996,2.707,1.182,-57
308584,0,1,10,10,1.009,2.932,1.265,-47
308852,0,1,10,10,1.001,1.395,0.873,-45
309121,0,1,10,10,1.002,1.783,0.951,-43
309390,0,1,10,10,0.996,2.155,1.031,-47
309659,0,1,10,10,0.993,2.475,1.112,-55
309928,0,1,10,10,0.999,2.741,1.195,-56
310196,0,1,10,10,0.991,1.052,0.807,-65
310465,0,1,10,10,1.008,1.449,0.890,-57
310734,0,1,10,10,1.006,1.853,0.971,-50
311003,0,1,10,10,1.000,2.203,1.048,-49
311272,0,1,10,10,0.995,2.519,1.126,-54
311541,0,1,10,10,0.999,2.784,1.208,-55
311809,0,1,10,10,0.995,1.106,0.819,-60
312078,0,1,10,10,1.005,1.524,0.901,-55
312347,0,1,10,10,1.007,1.898,0.982,-47
312616,0,1,10,10,0.997,2.260,1.059,-50
312885,0,1,10,10,0.994,2.564,1.138,-56
313154,0,1,10,10,1.002,2.818,1.221,-54
313422,0,1,10,10,0.996,1.180,0.832,-58
313691,0,1,10,10,1.007,1.573,0.913,-50
313960,0,1,10,10,1.002,1.970,0.993,-48
314229,0,1,10,10,0.998,2.304,1.071,-51
314498,0,1,10,10,0.994,2.609,1.151,-56
314767,0,1,10,10,1.003,2.855,1.234,-53
315035,0,1,10,10,1.000,1.237,0.845,-54
315304,0,1,10,10,1.004,1.648,0.924,-50
315573,0,1,10,10,1.003,2.015,1.004,-47
315842,0,1,10,10,0.994,2.363,1.083,-53
316111,0,1,10,10,0.996,2.648,1.164,-57
316380,0,1,10,10,1.006,2.889,1.247,-51
316648,0,1,10,10,1.000,1.306,0.857,-51
316917,0,1,10,10,1.004,1.701,0.936,-47
317186,0,1,10,10,0.998,2.082,1.015,-49
317455,0,1,10,10,0.996,2.402,1.095,-53
317724,0,1,10,10,0.996,2.692,1.177,-57
317993,0,1,10,10,1.008,2.921,1.260,-49
318261,0,1,10,10,1.001,1.370,0.869,-48
318530,0,1,10,10,1.001,1.768,0.947,-46
318799,0,1,10,10,0.999,2.127,1.027,-48
319068,0,1,10,10,0.993,2.458,1.107,-55
319337,0,1,10,10,0.998,2.727,1.190,-57
319606,0,1,10,10,1.010,2.956,1.273,-47
319874,0,1,10,10,1.002,1.430,0.881,-44
320143,0,1,10,10,1.000,1.825,0.958,-44
320412,0,1,10,10,0.994,2.190,1.038,-50
320681,0,1,10,10,0.995,2.497,1.120,-55
320950,0,1,10,10,0.998,2.771,1.203,-58
321218,0,1,10,10,0.995,1.081,0.815,-63
321487,0,1,10,10,1.006,1.498,0.897,-57
321756,0,1,10,10,1.006,1.885,0.978,-50
322025,0,1,10,10,0.999,2.238,1.055,-51
322294,0,1,10,10,0.994,2.550,1.134,-58
322563,0,1,10,10,1.002,2.801,1.217,-55
322831,0,1,10,10,0.995,1.158,0.827,-60
323100,0,1,10,10,1.006,1.554,0.909,-53
323369,0,1,10,10,1.004,1.944,0.989,-49
323638,0,1,10,10,0.997,2.292,1.067,-53
323907,0,1,10,10,0.996,2.588,1.147,-57
324176,0,1,10,10,1.002,2.845,1.229,-55
324444,0,1,10,10,1.000,1.209,0.840,-56
324713,0,1,10,10,1.004,1.623,0.920,-51
324982,0,1,10,10,1.002,1.999,1.000,-49
325251,0,1,10,10,0.996,2.341,1.079,-53
325520,0,1,10,10,0.995,2.635,1.160,-59
325789,0,1,10,10,1.006,2.874,1.242,-53
326057,0,1,10,10,0.999,1.284,0.852,-54
326326,0,1,10,10,1.005,1.676,0.932,-48
326595,0,1,10,10,0.999,2.060,1.011,-49
326864,0,1,10,10,0.995,2.390,1.090,-55
327133,0,1,10,10,0.996,2.675,1.173,-59
327402,0,1,10,10,1.007,2.911,1.255,-52
327670,0,1,10,10,1.002,1.339,0.865,-49
327939,0,1,10,10,1.001,1.749,0.943,-48
328208,0,1,10,10,0.999,2.107,1.023,-49
328477,0,1,10,10,0.993,2.440,1.103,-56
328746,0,1,10,10,0.997,2.716,1.185,-59
329015,0,1,10,10,1.009,2.944,1.268,-50
329283,0,1,10,10,1.001,1.414,0.877,-49
329552,0,1,10,10,1.003,1.797,0.955,-45
329821,0,1,10,10,0.995,2.171,1.034,-51
330090,0,1,10,10,0.994,2.483,1.115,-57
330359,0,1,10,10,0.998,2.757,1.198,-59
330627,0,1,10,10,0.992,1.067,0.811,-68
330896,0,1,10,10,1.008,1.468,0.894,-59
331165,0,1,10,10,1.006,1.868,0.974,-52
331434,0,1,10,10,1.001,2.215,1.051,-52
331703,0,1,10,10,0.994,2.534,1.130,-58
331972,0,1,10,10,1.000,2.791,1.212,-58
332240,0,1,10,10,0.995,1.128,0.823,-63
332509,0,1,10,10,1.005,1.539,0.904,-57
332778,0,1,10,10,1.006,1.918,0.985,-50
333047,0,1,10,10,0.997,2.276,1.063,-54
333316,0,1,10,10,0.996,2.570,1.142,-58
333585,0,1,10,10,1.001,2.830,1.225,-56
333853,0,1,10,10,0.997,1.194,0.835,-59
334122,0,1,10,10,1.005,1.598,0.916,-54
334391,0,1,10,10,1.002,1.984,0.996,-52
334660,0,1,10,10,0.998,2.318,1.075,-54
334929,0,1,10,10,0.994,2.622,1.155,-60
335198,0,1,10,10,1.005,2.861,1.238,-55
335466,0,1,10,10,0.999,1.262,0.848,-56
335735,0,1,10,10,1.004,1.661,0.927,-52
336004,0,1,10,10,1.001,2.035,1.007,-50
336273,0,1,10,10,0.994,2.376,1.086,-57
336542,0,1,10,10,0.997,2.656,1.168,-59
336811,0,1,10,10,1.005,2.901,1.251,-54
337079,0,1,10,10,1.001,1.317,0.860,-52
337348,0,1,10,10,1.002,1.724,0.939,-50
337617,0,1,10,10,0.998,2.094,1.018,-52
337886,0,1,10,10,0.995,2.418,1.099,-57
338155,0,1,10,10,0.996,2.704,1.181,-61
338424,0,1,10,10,1.010,2.926,1.264,-50
338692,0,1,10,10,1.000,1.391,0.872,-50
338961,0,1,10,10,1.002,1.780,0.950,-48
339230,0,1,10,10,0.997,2.148,1.030,-52
339499,0,1,10,10,0.993,2.471,1.111,-59
339768,0,1,10,10,0.999,2.739,1.194,-61
340036,0,1,10,10,0.991,1.048,0.806,-70
340305,0,1,10,10,1.008,1.443,0.889,-62
340574,0,1,10,10,1.007,1.845,0.970,-54
340843,0,1,10,10,1.000,2.202,1.047,-54
341112,0,1,10,10,0.995,2.514,1.125,-59
341381,0,1,10,10,0.999,2.782,1.207,-60
341649,0,1,10,10,0.995,1.100,0.819,-65
341918,0,1,10,10,1.006,1.517,0.901,-59
342187,0,1,10,10,1.007,1.896,0.981,-52
342456,0,1,10,10,0.998,2.255,1.058,-54
342725,0,1,10,10,0.994,2.560,1.138,-60
342994,0,1,10,10,1.002,2.815,1.220,-59
343262,0,1,10,10,0.996,1.174,0.831,-63
343531,0,1,10,10,1.007,1.570,0.912,-55
343800,0,1,10,10,1.003,1.964,0.992,-53
344069,0,1,10,10,0.997,2.302,1.070,-55
344338,0,1,10,10,0.994,2.605,1.150,-61
344607,0,1,10,10,1.003,2.852,1.233,-58
344875,0,1,10,10,1.000,1.231,0.844,-59
345144,0,1,10,10,1.004,1.643,0.923,-55
345413,0,1,10,10,1.003,2.010,1.003,-51
345682,0,1,10,10,0.995,2.358,1.082,-57
345951,0,1,10,10,0.996,2.644,1.163,-62
346220,0,1,10,10,1.005,2.886,1.246,-56
346488,0,1,10,10,1.000,1.302,0.856,-56
346757,0,1,10,10,1.005,1.695,0.935,-51
347026,0,1,10,10,0.998,2.078,1.014,-53
347295,0,1,10,10,0.996,2.399,1.094,-58
347564,0,1,10,10,0.996,2.689,1.176,-62
347833,0,1,10,10,1.008,2.919,1.259,-54
348101,0,1,10,10,1.002,1.361,0.868,-52
348370,0,1,10,10,1.001,1.765,0.946,-51
348639,0,1,10,10,0.999,2.122,1.026,-52
348908,0,1,10,10,0.993,2.455,1.106,-60
349177,0,1,10,10,0.998,2.723,1.189,-61
349446,0,1,10,10,1.010,2.951,1.272,-50
349714,0,1,10,10,1.001,1.428,0.879,-49
349983,0,1,10,10,1.000,1.819,0.957,-49
350252,0,1,10,10,0.995,2.185,1.037,-54
350521,0,1,10,10,0.995,2.493,1.119,-60
350790,0,1,10,10,0.998,2.767,1.202,-62
351058,0,1,10,10,0.994,1.079,0.814,-68
351327,0,1,10,10,1.006,1.493,0.896,-62
351596,0,1,10,10,1.006,1.882,0.977,-55
351865,0,1,10,10,1.000,2.231,1.054,-55
352134,0,1,10,10,0.994,2.547,1.133,-62
352403,0,1,10,10,1.002,2.798,1.215,-60
352671,0,1,10,10,0.995,1.152,0.826,-65
352940,0,1,10,10,1.006,1.550,0.908,-58
353209,0,1,10,10,1.004,1.939,0.988,-54
353478,0,1,10,10,0.996,2.289,1.066,-58
353747,0,1,10,10,0.996,2.583,1.146,-62
354016,0,1,10,10,1.001,2.842,1.228,-60
354284,0,1,10,10,0.999,1.203,0.839,-61
354553,0,1,10,10,1.004,1.619,0.919,-56
354822,0,1,10,10,1.002,1.996,0.999,-54
355091,0,1,10,10,0.996,2.336,1.078,-58
355360,0,1,10,10,0.994,2.634,1.159,-64
355629,0,1,10,10,1.006,2.870,1.241,-58
355897,0,1,10,10,0.999,1.281,0.851,-59
356166,0,1,10,10,1.005,1.672,0.931,-53
356435,0,1,10,10,1.000,2.055,1.010,-54
356704,0,1,10,10,0.994,2.389,1.090,-60
356973,0,1,10,10,0.997,2.670,1.172,-64
357242,0,1,10,10,1.006,2.910,1.255,-57
357510,0,1,10,10,1.002,1.332,0.864,-54
357779,0,1,10,10,1.002,1.743,0.942,-52
358048,0,1,10,10,0.999,2.104,1.021,-54
358317,0,1,10,10,0.994,2.435,1.102,-60
358586,0,1,10,10,0.997,2.713,1.184,-64
358855,0,1,10,10,1.010,2.939,1.267,-54
359123,0,1,10,10,1.001,1.407,0.876,-52
359392,0,1,10,10,1.002,1.792,0.953,-50
359661,0,1,10,10,0.995,2.165,1.033,-55
359930,0,1,10,10,0.994,2.480,1.114,-62
360199,0,1,10,10,0.998,2.751,1.197,-63
360467,0,1,10,10,0.992,1.061,0.809,-72
360736,0,1,10,10,1.008,1.461,0.892,-64
361005,0,1,10,10,1.006,1.863,0.973,-57
361274,0,1,10,10,1.001,2.210,1.050,-56
361543,0,1,10,10,0.994,2.529,1.129,-62
361812,0,1,10,10,1.000,2.788,1.210,-62
362080,0,1,10,10,0.995,1.123,0.822,-67
362349,0,1,10,10,1.005,1.534,0.903,-62
362618,0,1,10,10,1.007,1.911,0.984,-55
362887,0,1,10,10,0.997,2.271,1.061,-58
363156,0,1,10,10,0.995,2.569,1.141,-63
363425,0,1,10,10,1.001,2.827,1.224,-62
363693,0,1,10,10,0.997,1.190,0.834,-65
363962,0,1,10,10,1.007,1.588,0.915,-58
364231,0,1,10,10,1.002,1.979,0.995,-56
364500,0,1,10,10,0.998,2.313,1.073,-58
364769,0,1,10,10,0.994,2.617,1.154,-64
365038,0,1,10,10,1.004,2.859,1.236,-60
365306,0,1,10,10,0.999,1.252,0.847,-61
365575,0,1,10,10,1.004,1.657,0.926,-57
365844,0,1,10,10,1.002,2.028,1.006,-55
366113,0,1,10,10,0.994,2.373,1.085,-61
366382,0,1,10,10,0.997,2.652,1.167,-64
366651,0,1,10,10,1.006,2.896,1.250,-58
366919,0,1,10,10,1.001,1.314,0.859,-57
367188,0,1,10,10,1.003,1.717,0.938,-54
367457,0,1,10,10,0.998,2.090,1.017,-56
367726,0,1,10,10,0.996,2.412,1.098,-61
367995,0,1,10,10,0.996,2.700,1.180,-65
368264,0,1,10,10,1.009,2.925,1.262,-55
368532,0,1,10,10,1.001,1.383,0.871,-54
368801,0,1,10,10,1.001,1.776,0.949,-53
369070,0,1,10,10,0.998,2.140,1.029,-55
369339,0,1,10,10,0.993,2.467,1.110,-63
369608,0,1,10,10,0.998,2.735,1.193,-65
369876,0,1,10,10,0.991,1.041,0.805,-75
370145,0,1,10,10,1.008,1.437,0.888,-66
370414,0,1,10,10,1.008,1.838,0.969,-58
370683,0,1,10,10,1.000,2.197,1.045,-58
370952,0,1,10,10,0.996,2.508,1.124,-63
371221,0,1,10,10,0.999,2.777,1.206,-64
371489,0,1,10,10,0.995,1.091,0.817,-69
371758,0,1,10,10,1.005,1.511,0.899,-64
372027,0,1,10,10,1.006,1.893,0.979,-57
372296,0,1,10,10,0.998,2.249,1.057,-58
372565,0,1,10,10,0.994,2.557,1.136,-65
372834,0,1,10,10,1.002,2.809,1.219,-62
373102,0,1,10,10,0.996,1.169,0.830,-67
373371,0,1,10,10,1.007,1.563,0.911,-60
373640,0,1,10,10,1.003,1.957,0.991,-56
373909,0,1,10,10,0.997,2.300,1.069,-60
374178,0,1,10,10,0.996,2.597,1.149,-65
374447,0,1,10,10,1.002,2.850,1.232,-62
374715,0,1,10,10,1.000,1.222,0.842,-63
374984,0,1,10,10,1.004,1.636,0.922,-58
375253,0,1,10,10,1.003,2.004,1.002,-55
375522,0,1,10,10,0.995,2.352,1.081,-61
375791,0,1,10,10,0.995,2.642,1.162,-66
376060,0,1,10,10,1.005,2.881,1.245,-60
376328,0,1,10,10,1.000,1.295,0.854,-60
376597,0,1,10,10,1.005,1.686,0.934,-55
376866,0,1,10,10,0.998,2.071,1.013,-57
377135,0,1,10,10,0.995,2.395,1.093,-62
377404,0,1,10,10,0.996,2.683,1.175,-66
377673,0,1,10,10,1.008,2.915,1.257,-58
377941,0,1,10,10,1.002,1.353,0.867,-56
378210,0,1,10,10,1.001,1.759,0.945,-55
378479,0,1,10,10,0.999,2.115,1.025,-56
378748,0,1,10,10,0.992,2.451,1.105,-64
379017,0,1,10,10,0.998,2.719,1.188,-66
379286,0,1,10,10,1.010,2.949,1.271,-55
379554,0,1,10,10,1.001,1.424,0.878,-54
379823,0,1,10,10,1.002,1.809,0.956,-52
380092,0,1,10,10,0.995,2.180,1.036,-58
380361,0,1,10,10,0.995,2.489,1.118,-64
380630,0,1,10,10,0.998,2.763,1.201,-66
380898,0,1,10,10,0.993,1.075,0.813,-73
381167,0,1,10,10,1.007,1.481,0.895,-66
381436,0,1,10,10,1.006,1.878,0.976,-59
381705,0,1,10,10,1.001,2.223,1.053,-59
381974,0,1,10,10,0.994,2.542,1.132,-65
382243,0,1,10,10,1.001,2.795,1.214,-64
382511,0,1,10,10,0.995,1.142,0.825,-69
382780,0,1,10,10,1.006,1.547,0.906,-63
383049,0,1,10,10,1.005,1.930,0.987,-58
383318,0,1,10,10,0.997,2.284,1.064,-61
383587,0,1,10,10,0.996,2.578,1.145,-65
383856,0,1,10,10,1.002,2.836,1.227,-63
384124,0,1,10,10,0.999,1.199,0.837,-65
384393,0,1,10,10,1.005,1.610,0.918,-60
384662,0,1,10,10,1.002,1.992,0.997,-58
384931,0,1,10,10,0.997,2.328,1.076,-62
385200,0,1,10,10,0.995,2.628,1.157,-67
385469,0,1,10,10,1.006,2.866,1.240,-61
385737,0,1,10,10,0.999,1.273,0.850,-63
386006,0,1,10,10,1.004,1.668,0.929,-58
386275,0,1,10,10,1.000,2.046,1.009,-58
386544,0,1,10,10,0.994,2.383,1.088,-64
386813,0,1,10,10,0.997,2.666,1.170,-67
387082,0,1,10,10,1.005,2.908,1.253,-62
387350,0,1,10,10,1.003,1.324,0.862,-59
387619,0,1,10,10,1.002,1.735,0.941,-56
387888,0,1,10,10,0.998,2.101,1.020,-58
388157,0,1,10,10,0.994,2.428,1.101,-64
388426,0,1,10,10,0.996,2.710,1.183,-68
388695,0,1,10,10,1.011,2.931,1.266,-56
388963,0,1,10,10,1.000,1.402,0.874,-56
389232,0,1,10,10,1.002,1.786,0.952,-54
389501,0,1,10,10,0.996,2.158,1.032,-58
389770,0,1,10,10,0.993,2.476,1.113,-66
390039,0,1,10,10,0.998,2.746,1.196,-67
390307,0,1,10,10,0.991,1.057,0.808,-76
390576,0,1,10,10,1.008,1.453,0.891,-68
390845,0,1,10,10,1.007,1.855,0.972,-60
391114,0,1,10,10,1.000,2.207,1.048,-60
391383,0,1,10,10,0.995,2.523,1.127,-66
391652,0,1,10,10,0.999,2.786,1.209,-66
391920,0,1,10,10,0.995,1.112,0.820,-71
392189,0,1,10,10,1.005,1.528,0.902,-66
392458,0,1,10,10,1.007,1.903,0.983,-58
392727,0,1,10,10,0.997,2.264,1.060,-61
392996,0,1,10,10,0.994,2.567,1.139,-67
393265,0,1,10,10,1.001,2.821,1.222,-65
393533,0,1,10,10,0.997,1.182,0.833,-69
393802,0,1,10,10,1.007,1.580,0.914,-62
394071,0,1,10,10,1.002,1.973,0.994,-59
394340,0,1,10,10,0.998,2.307,1.072,-61
394609,0,1,10,10,0.994,2.611,1.152,-67
394878,0,1,10,10,1.004,2.855,1.235,-63
395146,0,1,10,10,0.999,1.244,0.845,-64
395415,0,1,10,10,1.003,1.652,0.925,-61
395684,0,1,10,10,1.003,2.019,1.005,-58
395953,0,1,10,10,0.994,2.368,1.084,-64
396222,0,1,10,10,0.997,2.647,1.165,-67
396491,0,1,10,10,1.005,2.894,1.248,-62
396759,0,1,10,10,1.000,1.310,0.857,-62
397028,0,1,10,10,1.004,1.706,0.937,-58
397297,0,1,10,10,0.998,2.084,1.016,-60
397566,0,1,10,10,0.996,2.407,1.096,-64
397835,0,1,10,10,0.996,2.695,1.178,-69
398104,0,1,10,10,1.009,2.922,1.261,-59
398372,0,1,10,10,1.001,1.373,0.870,-58
398641,0,1,10,10,1.001,1.773,0.948,-57
398910,0,1,10,10,0.998,2.132,1.028,-59
399179,0,1,10,10,0.993,2.462,1.108,-67
399448,0,1,10,10,0.999,2.727,1.191,-68
399717,0,1,10,10,1.011,2.956,1.274,-56
399985,0,1,10,10,1.002,1.435,0.881,-54
400254,0,1,10,10,1.000,1.829,0.959,-55
400523,0,1,10,10,0.994,2.192,1.039,-61
400792,0,1,10,10,0.994,2.501,1.121,-67
401061,0,1,10,10,0.999,2.772,1.204,-68
401329,0,1,10,10,0.995,1.085,0.816,-73
401598,0,1,10,10,1.006,1.503,0.898,-68
401867,0,1,10,10,1.006,1.888,0.978,-61
402136,0,1,10,10,0.999,2.241,1.056,-62
402405,0,1,10,10,0.994,2.552,1.135,-68
402674,0,1,10,10,1.002,2.804,1.217,-66
402942,0,1,10,10,0.995,1.161,0.828,-71
403211,0,1,10,10,1.007,1.556,0.909,-64
403480,0,1,10,10,1.003,1.949,0.989,-60
403749,0,1,10,10,0.997,2.294,1.067,-63
404018,0,1,10,10,0.995,2.593,1.148,-69
404287,0,1,10,10,1.002,2.847,1.230,-67
404555,0,1,10,10,1.000,1.212,0.841,-67
404824,0,1,10,10,1.004,1.630,0.921,-62
405093,0,1,10,10,1.002,2.002,1.000,-60
405362,0,1,10,10,0.996,2.344,1.079,-64
405631,0,1,10,10,0.995,2.638,1.160,-70
405900,0,1,10,10,1.006,2.874,1.243,-63
406168,0,1,10,10,0.999,1.291,0.853,-64
406437,0,1,10,10,1.005,1.679,0.932,-59
406706,0,1,10,10,0.999,2.064,1.012,-60
406975,0,1,10,10,0.995,2.391,1.091,-65
407244,0,1,10,10,0.996,2.678,1.173,-70
407513,0,1,10,10,1.007,2.914,1.256,-62
407781,0,1,10,10,1.002,1.343,0.865,-60
408050,0,1,10,10,1.001,1.752,0.944,-59
408319,0,1,10,10,0.999,2.111,1.023,-60
408588,0,1,10,10,0.993,2.443,1.104,-67
408857,0,1,10,10,0.997,2.717,1.186,-70
409126,0,1,10,10,1.010,2.944,1.269,-59
409394,0,1,10,10,1.001,1.416,0.877,-58
409663,0,1,10,10,1.002,1.801,0.955,-56
409932,0,1,10,10,0.995,2.174,1.035,-61
410201,0,1,10,10,0.994,2.486,1.116,-68
410470,0,1,10,10,0.998,2.758,1.199,-70
410738,0,1,10,10,0.993,1.069,0.811,-78
411007,0,1,10,10,1.007,1.473,0.894,-70
411276,0,1,10,10,1.006,1.871,0.975,-63
411545,0,1,10,10,1.001,2.216,1.052,-62
411814,0,1,10,10,0.994,2.536,1.130,-68
412083,0,1,10,10,1.001,2.791,1.212,-67
412351,0,1,10,10,0.995,1.134,0.823,-73
412620,0,1,10,10,1.005,1.542,0.905,-67
412889,0,1,10,10,1.006,1.921,0.985,-61
413158,0,1,10,10,0.997,2.278,1.063,-65
413427,0,1,10,10,0.996,2.572,1.143,-68
413696,0,1,10,10,1.001,2.833,1.225,-67
413964,0,1,10,10,0.998,1.195,0.836,-70
414233,0,1,10,10,1.005,1.601,0.917,-64
414502,0,1,10,10,1.002,1.986,0.996,-62
414771,0,1,10,10,0.998,2.321,1.075,-64
415040,0,1,10,10,0.994,2.624,1.156,-71
415309,0,1,10,10,1.005,2.863,1.238,-65
415577,0,1,10,10,0.999,1.263,0.848,-66
415846,0,1,10,10,1.004,1.663,0.928,-62
416115,0,1,10,10,1.001,2.038,1.008,-61
416384,0,1,10,10,0.994,2.378,1.087,-67
416653,0,1,10,10,0.997,2.658,1.169,-70
416922,0,1,10,10,1.006,2.900,1.251,-64
417190,0,1,10,10,1.001,1.320,0.860,-62
417459,0,1,10,10,1.002,1.727,0.939,-60
417728,0,1,10,10,0.998,2.096,1.019,-62
417997,0,1,10,10,0.995,2.420,1.099,-67
418266,0,1,10,10,0.996,2.704,1.181,-71
418535,0,1,10,10,1.010,2.929,1.264,-61
418803,0,1,10,10,1.000,1.394,0.873,-60
419072,0,1,10,10,1.002,1.782,0.951,-58
419341,0,1,10,10,0.997,2.150,1.030,-62
419610,0,1,10,10,0.993,2.472,1.111,-69
419879,0,1,10,10,0.999,2.739,1.195,-70
420147,0,1,10,10,0.991,1.050,0.806,-80
420416,0,1,10,10,1.008,1.444,0.889,-71
420685,0,1,10,10,1.007,1.849,0.970,-64
420954,0,1,10,10,1.000,2.202,1.047,-64
421223,0,1,10,10,0.995,2.516,1.126,-69
421492,0,1,10,10,0.999,2.783,1.207,-70
421760,0,1,10,10,0.996,1.101,0.819,-75
422029,0,1,10,10,1.005,1.521,0.901,-70
422298,0,1,10,10,1.007,1.897,0.981,-62
422567,0,1,10,10,0.998,2.258,1.059,-65
422836,0,1,10,10,0.994,2.563,1.138,-71
423105,0,1,10,10,1.002,2.814,1.221,-69
423373,0,1,10,10,0.996,1.177,0.831,-73
423642,0,1,10,10,1.007,1.571,0.912,-65
423911,0,1,10,10,1.002,1.966,0.992,-63
424180,0,1,10,10,0.998,2.302,1.070,-65
424449,0,1,10,10,0.995,2.605,1.151,-71
424718,0,1,10,10,1.002,2.856,1.233,-68
424986,0,1,10,10,0.999,1.234,0.844,-69
425255,0,1,10,10,1.004,1.645,0.924,-65
425524,0,1,10,10,1.003,2.012,1.004,-61
425793,0,1,10,10,0.995,2.359,1.082,-67
426062,0,1,10,10,0.996,2.645,1.163,-71
426331,0,1,10,10,1.005,2.888,1.246,-66
426599,0,1,10,10,1.000,1.303,0.856,-66
426868,0,1,10,10,1.005,1.697,0.935,-61
427137,0,1,10,10,0.998,2.079,1.015,-63
427406,0,1,10,10,0.996,2.399,1.095,-67
427675,0,1,10,10,0.996,2.690,1.177,-72
427944,0,1,10,10,1.008,2.918,1.259,-63
428212,0,1,10,10,1.001,1.364,0.868,-62
428481,0,1,10,10,1.001,1.767,0.946,-61
428750,0,1,10,10,0.999,2.123,1.026,-62
429019,0,1,10,10,0.993,2.456,1.107,-70
429288,0,1,10,10,0.999,2.722,1.189,-71
429557,0,1,10,10,1.010,2.954,1.272,-60
429825,0,1,10,10,1.001,1.429,0.880,-59
430094,0,1,10,10,1.000,1.820,0.957,-59
430363,0,1,10,10,0.995,2.187,1.038,-64
430632,0,1,10,10,0.995,2.494,1.119,-70
430901,0,1,10,10,0.998,2.769,1.202,-72
431169,0,1,10,10,0.994,1.080,0.814,-78
431438,0,1,10,10,1.006,1.493,0.897,-71
431707,0,1,10,10,1.006,1.883,0.977,-65
431976,0,1,10,10,1.000,2.232,1.054,-65
432245,0,1,10,10,0.994,2.549,1.133,-72
432514,0,1,10,10,1.002,2.799,1.216,-70
432782,0,1,10,10,0.996,1.151,0.827,-74
433051,0,1,10,10,1.006,1.552,0.908,-68
433320,0,1,10,10,1.004,1.940,0.988,-64
433589,0,1,10,10,0.996,2.290,1.066,-67
433858,0,1,10,10,0.996,2.585,1.146,-71
434127,0,1,10,10,1.002,2.840,1.229,-69
434395,0,1,10,10,0.999,1.205,0.839,-70
434664,0,1,10,10,1.004,1.620,0.919,-66
434933,0,1,10,10,1.002,1.996,0.999,-64
435202,0,1,10,10,0.996,2.337,1.078,-68
435471,0,1,10,10,0.995,2.632,1.159,-73
435740,0,1,10,10,1.006,2.871,1.242,-67
436008,0,1,10,10,0.999,1.282,0.851,-68
436277,0,1,10,10,1.005,1.672,0.931,-63
436546,0,1,10,10,1.000,2.055,1.010,-63
436815,0,1,10,10,0.995,2.387,1.090,-69
437084,0,1,10,10,0.996,2.671,1.172,-73
437353,0,1,10,10,1.006,2.911,1.254,-66
437621,0,1,10,10,1.002,1.333,0.864,-64
437890,0,1,10,10,1.001,1.744,0.942,-62
438159,0,1,10,10,0.999,2.105,1.022,-63
438428,0,1,10,10,0.994,2.436,1.102,-70
438697,0,1,10,10,0.997,2.714,1.184,-74
438966,0,1,10,10,1.011,2.936,1.267,-62
439234,0,1,10,10,1.000,1.410,0.875,-61
439503,0,1,10,10,1.002,1.793,0.953,-59
439772,0,1,10,10,0.995,2.166,1.033,-64
440041,0,1,10,10,0.994,2.480,1.114,-71
440310,0,1,10,10,0.999,2.750,1.198,-72
440578,0,1,10,10,0.992,1.064,0.809,-81
440847,0,1,10,10,1.008,1.462,0.892,-73
441116,0,1,10,10,1.006,1.865,0.973,-67
441385,0,1,10,10,1.001,2.210,1.050,-66
441654,0,1,10,10,0.994,2.530,1.129,-72
441923,0,1,10,10,1.000,2.790,1.210,-72
442191,0,1,10,10,0.995,1.123,0.822,-77
442460,0,1,10,10,1.005,1.535,0.904,-72
442729,0,1,10,10,1.006,1.913,0.984,-65
442998,0,1,10,10,0.997,2.272,1.062,-68
443267,0,1,10,10,0.996,2.568,1.141,-72
443536,0,1,10,10,1.001,2.829,1.224,-71
443804,0,1,10,10,0.997,1.188,0.834,-74
444073,0,1,10,10,1.006,1.591,0.915,-68
444342,0,1,10,10,1.002,1.980,0.995,-65
444611,0,1,10,10,0.998,2.314,1.073,-68
444880,0,1,10,10,0.994,2.618,1.154,-74
445149,0,1,10,10,1.005,2.857,1.237,-68
445417,0,1,10,10,0.999,1.254,0.847,-70
445686,0,1,10,10,1.003,1.658,0.926,-66
445955,0,1,10,10,1.002,2.028,1.006,-64
446224,0,1,10,10,0.994,2.372,1.085,-70
446493,0,1,10,10,0.998,2.651,1.167,-73
