 0.00  0.00  0.00  0.00  0.00  0.00  0.00  0.00  0.00  0.00
 1.00  0.23  0.43  0.95  1.57  2.92  5.11  9.49 23.29  0.00
 2.00  0.43  0.79  1.57  2.47  5.11  9.49 19.00  0.00  0.00
 3.00  0.62  1.09  2.03  3.36  7.25 14.35 26.85  0.00  0.00
 4.00  0.79  1.35  2.47  4.24  9.49 19.00 34.16  0.00  0.00
 5.00  0.95  1.57  2.92  5.11 11.93 23.29  0.00  0.00  0.00
 6.00  1.09  1.76  3.36  5.97 14.35 26.85  0.00  0.00  0.00
 7.00  1.23  1.94  3.80  6.83 16.70 30.48  0.00  0.00  0.00
 8.00  1.35  2.12  4.24  7.68 19.00 34.16  0.00  0.00  0.00
 9.00  1.46  2.30  4.68  8.56 21.23 39.21  0.00  0.00  0.00
10.00  1.57  2.47  5.11  9.49 23.29  0.00  0.00  0.00  0.00
11.00  1.67  2.65  5.54 10.45 25.12  0.00  0.00  0.00  0.00
12.00  1.76  2.83  5.97 11.44 26.85  0.00  0.00  0.00  0.00
13.00  1.85  3.01  6.40 12.42 28.66  0.00  0.00  0.00  0.00
14.00  1.94  3.18  6.83 13.39 30.48  0.00  0.00  0.00  0.00
15.00  2.03  3.36  7.25 14.35 32.27  0.00  0.00  0.00  0.00
16.00  2.12  3.54  7.68 15.30 34.16  0.00  0.00  0.00  0.00
17.00  2.21  3.71  8.12 16.24 36.32  0.00  0.00  0.00  0.00
18.00  2.30  3.89  8.56 17.17 39.21  0.00  0.00  0.00  0.00
19.00  2.38  4.07  9.02 18.09 42.81  0.00  0.00  0.00  0.00
20.00  2.47  4.24  9.49 19.00  0.00  0.00  0.00  0.00  0.00
21.00  2.56  4.42  9.97 19.91  0.00  0.00  0.00  0.00  0.00
22.00  2.65  4.59 10.45 20.79  0.00  0.00  0.00  0.00  0.00
23.00  2.74  4.77 10.94 21.65  0.00  0.00  0.00  0.00  0.00
24.00  2.83  4.94 11.44 22.49  0.00  0.00  0.00  0.00  0.00
25.00  2.92  5.11 11.93 23.29  0.00  0.00  0.00  0.00  0.00
26.00  3.01  5.29 12.42 24.05  0.00  0.00  0.00  0.00  0.00
27.00  3.10  5.46 12.91 24.77  0.00  0.00  0.00  0.00  0.00
28.00  3.18  5.63 13.39 25.47  0.00  0.00  0.00  0.00  0.00
29.00  3.27  5.80 13.87 26.16  0.00  0.00  0.00  0.00  0.00
30.00  3.36  5.97 14.35 26.85  0.00  0.00  0.00  0.00  0.00
31.00  3.45  6.14 14.83 27.56  0.00  0.00  0.00  0.00  0.00
32.00  3.54  6.31 15.30 28.29  0.00  0.00  0.00  0.00  0.00
33.00  3.63  6.48 15.77 29.03  0.00  0.00  0.00  0.00  0.00
34.00  3.71  6.65 16.24 29.76  0.00  0.00  0.00  0.00  0.00
35.00  3.80  6.83 16.70 30.48  0.00  0.00  0.00  0.00  0.00
36.00  3.89  7.00 17.17 31.20  0.00  0.00  0.00  0.00  0.00
37.00  3.98  7.17 17.63 31.91  0.00  0.00  0.00  0.00  0.00
38.00  4.07  7.34 18.09 32.63  0.00  0.00  0.00  0.00  0.00
39.00  4.15  7.51 18.55 33.38  0.00  0.00  0.00  0.00  0.00
40.00  4.24  7.68 19.00 34.16  0.00  0.00  0.00  0.00  0.00
41.00  4.33  7.86 19.46 34.98  0.00  0.00  0.00  0.00  0.00
42.00  4.42  8.03 19.91 35.86  0.00  0.00  0.00  0.00  0.00
43.00  4.50  8.21 20.35 36.81  0.00  0.00  0.00  0.00  0.00
44.00  4.59  8.39 20.79 37.89  0.00  0.00  0.00  0.00  0.00
45.00  4.68  8.56 21.23 39.21  0.00  0.00  0.00  0.00  0.00
46.00  4.77  8.75 21.65 40.68  0.00  0.00  0.00  0.00  0.00
47.00  4.85  8.93 22.07 42.00  0.00  0.00  0.00  0.00  0.00
48.00  4.94  9.11 22.49 43.78  0.00  0.00  0.00  0.00  0.00
49.00  5.03  9.30 22.89 45.45  0.00  0.00  0.00  0.00  0.00
 0.00  5.11  9.49 23.29  0.00  0.00  0.00  0.00  0.00  0.00
 0.00  5.20  9.68 23.67  0.00  0.00  0.00  0.00  0.00  0.00
 0.00  5.29  9.87 24.05  0.00  0.00  0.00  0.00  0.00  0.00
 0.00  5.37 10.06 24.42  0.00  0.00  0.00  0.00  0.00  0.00
 0.00  5.46 10.26 24.77  0.00  0.00  0.00  0.00  0.00  0.00
 0.00  5.54 10.45 25.12  0.00  0.00  0.00  0.00  0.00  0.00
 0.00  5.63 10.65 25.47  0.00  0.00  0.00  0.00  0.00  0.00
 0.00  5.72 10.85 25.81  0.00  0.00  0.00  0.00  0.00  0.00
 0.00  5.80 11.04 26.16  0.00  0.00  0.00  0.00  0.00  0.00
 0.00  5.89 11.24 26.50  0.00  0.00  0.00  0.00  0.00  0.00
 0.00  5.97 11.44 26.85  0.00  0.00  0.00  0.00  0.00  0.00
 0.00  6.06 11.64 27.20  0.00  0.00  0.00  0.00  0.00  0.00
 0.00  6.14 11.83 27.56  0.00  0.00  0.00  0.00  0.00  0.00
 0.00  6.23 12.03 27.93  0.00  0.00  0.00  0.00  0.00  0.00
 0.00  6.31 12.23 28.29  0.00  0.00  0.00  0.00  0.00  0.00
 0.00  6.40 12.42 28.66  0.00  0.00  0.00  0.00  0.00  0.00
 0.00  6.48 12.62 29.03  0.00  0.00  0.00  0.00  0.00  0.00
 0.00  6.57 12.81 29.40  0.00  0.00  0.00  0.00  0.00  0.00
 0.00  6.65 13.01 29.76  0.00  0.00  0.00  0.00  0.00  0.00
 0.00  6.74 13.20 30.13  0.00  0.00  0.00  0.00  0.00  0.00
 0.00  6.83 13.39 30.48  0.00  0.00  0.00  0.00  0.00  0.00
 0.00  6.91 13.58 30.84  0.00  0.00  0.00  0.00  0.00  0.00
 0.00  7.00 13.78 31.20  0.00  0.00  0.00  0.00  0.00  0.00
 0.00  7.08 13.97 31.55  0.00  0.00  0.00  0.00  0.00  0.00
 0.00  7.17 14.16 31.91  0.00  0.00  0.00  0.00  0.00  0.00
 0.00  7.25 14.35 32.27  0.00  0.00  0.00  0.00  0.00  0.00
 0.00  7.34 14.54 32.63  0.00  0.00  0.00  0.00  0.00  0.00
 0.00  7.42 14.73 33.00  0.00  0.00  0.00  0.00  0.00  0.00
 0.00  7.51 14.92 33.38  0.00  0.00  0.00  0.00  0.00  0.00
 0.00  7.60 15.11 33.76  0.00  0.00  0.00  0.00  0.00  0.00
 0.00  7.68 15.30 34.16  0.00  0.00  0.00  0.00  0.00  0.00
 0.00  7.77 15.49 34.56  0.00  0.00  0.00  0.00  0.00  0.00
 0.00  7.86 15.68 34.98  0.00  0.00  0.00  0.00  0.00  0.00
 0.00  7.94 15.86 35.41  0.00  0.00  0.00  0.00  0.00  0.00
 0.00  8.03 16.05 35.86  0.00  0.00  0.00  0.00  0.00  0.00
 0.00  8.12 16.24 36.32  0.00  0.00  0.00  0.00  0.00  0.00
 0.00  8.21 16.42 36.81  0.00  0.00  0.00  0.00  0.00  0.00
 0.00  8.30 16.61 37.33  0.00  0.00  0.00  0.00  0.00  0.00
 0.00  8.39 16.80 37.89  0.00  0.00  0.00  0.00  0.00  0.00
 0.00  8.47 16.98 38.52  0.00  0.00  0.00  0.00  0.00  0.00
 0.00  8.56 17.17 39.21  0.00  0.00  0.00  0.00  0.00  0.00
 0.00  8.65 17.35 39.94  0.00  0.00  0.00  0.00  0.00  0.00
 0.00  8.75 17.54 40.68  0.00  0.00  0.00  0.00  0.00  0.00
 0.00  8.84 17.72 41.34  0.00  0.00  0.00  0.00  0.00  0.00
 0.00  8.93 17.91 42.00  0.00  0.00  0.00  0.00  0.00  0.00
 0.00  9.02 18.09 42.81  0.00  0.00  0.00  0.00  0.00  0.00
 0.00  9.11 18.27 43.78  0.00  0.00  0.00  0.00  0.00  0.00
 0.00  9.21 18.46 44.73  0.00  0.00  0.00  0.00  0.00  0.00
 0.00  9.30 18.64 45.45  0.00  0.00  0.00  0.00  0.00  0.00
 0.00  9.39 18.82 46.10  0.00  0.00  0.00  0.00  0.00  0.00
 0.00  9.49 19.00  0.00  0.00  0.00  0.00  0.00  0.00  0.00
 0.00  9.58 19.19  0.00  0.00  0.00  0.00  0.00  0.00  0.00
 0.00  9.68 19.37  0.00  0.00  0.00  0.00  0.00  0.00  0.00
 0.00  9.77 19.55  0.00  0.00  0.00  0.00  0.00  0.00  0.00
 0.00  9.87 19.73  0.00  0.00  0.00  0.00  0.00  0.00  0.00
 0.00  9.97 19.91  0.00  0.00  0.00  0.00  0.00  0.00  0.00
 0.00 10.06 20.08  0.00  0.00  0.00  0.00  0.00  0.00  0.00
 0.00 10.16 20.26  0.00  0.00  0.00  0.00  0.00  0.00  0.00
 0.00 10.26 20.44  0.00  0.00  0.00  0.00  0.00  0.00  0.00
 0.00 10.36 20.62  0.00  0.00  0.00  0.00  0.00  0.00  0.00
 0.00 10.45 20.79  0.00  0.00  0.00  0.00  0.00  0.00  0.00
 0.00 10.55 20.97  0.00  0.00  0.00  0.00  0.00  0.00  0.00
 0.00 10.65 21.14  0.00  0.00  0.00  0.00  0.00  0.00  0.00
 0.00 10.75 21.31  0.00  0.00  0.00  0.00  0.00  0.00  0.00
 0.00 10.85 21.48  0.00  0.00  0.00  0.00  0.00  0.00  0.00
 0.00 10.94 21.65  0.00  0.00  0.00  0.00  0.00  0.00  0.00
 0.00 11.04 21.82  0.00  0.00  0.00  0.00  0.00  0.00  0.00
 0.00 11.14 21.99  0.00  0.00  0.00  0.00  0.00  0.00  0.00
 0.00 11.24 22.16  0.00  0.00  0.00  0.00  0.00  0.00  0.00
 0.00 11.34 22.32  0.00  0.00  0.00  0.00  0.00  0.00  0.00
 0.00 11.44 22.49  0.00  0.00  0.00  0.00  0.00  0.00  0.00
 0.00 11.54 22.65  0.00  0.00  0.00  0.00  0.00  0.00  0.00
 0.00 11.64 22.81  0.00  0.00  0.00  0.00  0.00  0.00  0.00
 0.00 11.73 22.97  0.00  0.00  0.00  0.00  0.00  0.00  0.00
 0.00 11.83 23.13  0.00  0.00  0.00  0.00  0.00  0.00  0.00
 0.00 11.93 23.29  0.00  0.00  0.00  0.00  0.00  0.00  0.00
 0.00 12.03 23.44  0.00  0.00  0.00  0.00  0.00  0.00  0.00
 0.00 12.13 23.60  0.00  0.00  0.00  0.00  0.00  0.00  0.00
 0.00 12.23 23.75  0.00  0.00  0.00  0.00  0.00  0.00  0.00
 0.00 12.32 23.90  0.00  0.00  0.00  0.00  0.00  0.00  0.00
 0.00 12.42 24.05  0.00  0.00  0.00  0.00  0.00  0.00  0.00
 0.00 12.52 24.20  0.00  0.00  0.00  0.00  0.00  0.00  0.00
 0.00 12.62 24.34  0.00  0.00  0.00  0.00  0.00  0.00  0.00
 0.00 12.71 24.49  0.00  0.00  0.00  0.00  0.00  0.00  0.00
 0.00 12.81 24.63  0.00  0.00  0.00  0.00  0.00  0.00  0.00
 0.00 12.91 24.77  0.00  0.00  0.00  0.00  0.00  0.00  0.00
 0.00 13.01 24.92  0.00  0.00  0.00  0.00  0.00  0.00  0.00
 0.00 13.10 25.06  0.00  0.00  0.00  0.00  0.00  0.00  0.00
 0.00 13.20 25.19  0.00  0.00  0.00  0.00  0.00  0.00  0.00
 0.00 13.30 25.33  0.00  0.00  0.00  0.00  0.00  0.00  0.00
 0.00 13.39 25.47  0.00  0.00  0.00  0.00  0.00  0.00  0.00
 0.00 13.49 25.61  0.00  0.00  0.00  0.00  0.00  0.00  0.00
 0.00 13.58 25.75  0.00  0.00  0.00  0.00  0.00  0.00  0.00
 0.00 13.68 25.88  0.00  0.00  0.00  0.00  0.00  0.00  0.00
 0.00 13.78 26.02  0.00  0.00  0.00  0.00  0.00  0.00  0.00
 0.00 13.87 26.16  0.00  0.00  0.00  0.00  0.00  0.00  0.00
 0.00 13.97 26.29  0.00  0.00  0.00  0.00  0.00  0.00  0.00
 0.00 14.06 26.43  0.00  0.00  0.00  0.00  0.00  0.00  0.00
 0.00 14.16 26.57  0.00  0.00  0.00  0.00  0.00  0.00  0.00
 0.00 14.26 26.71  0.00  0.00  0.00  0.00  0.00  0.00  0.00
 0.00 14.35 26.85  0.00  0.00  0.00  0.00  0.00  0.00  0.00
 0.00 14.45 26.99  0.00  0.00  0.00  0.00  0.00  0.00  0.00
 0.00 14.54 27.13  0.00  0.00  0.00  0.00  0.00  0.00  0.00
 0.00 14.64 27.28  0.00  0.00  0.00  0.00  0.00  0.00  0.00
 0.00 14.73 27.42  0.00  0.00  0.00  0.00  0.00  0.00  0.00
 0.00 14.83 27.56  0.00  0.00  0.00  0.00  0.00  0.00  0.00
 0.00 14.92 27.71  0.00  0.00  0.00  0.00  0.00  0.00  0.00
 0.00 15.02 27.85  0.00  0.00  0.00  0.00  0.00  0.00  0.00
 0.00 15.11 28.00  0.00  0.00  0.00  0.00  0.00  0.00  0.00
 0.00 15.20 28.15  0.00  0.00  0.00  0.00  0.00  0.00  0.00
 0.00 15.30 28.29  0.00  0.00  0.00  0.00  0.00  0.00  0.00
 0.00 15.39 28.44  0.00  0.00  0.00  0.00  0.00  0.00  0.00
 0.00 15.49 28.59  0.00  0.00  0.00  0.00  0.00  0.00  0.00
 0.00 15.58 28.73  0.00  0.00  0.00  0.00  0.00  0.00  0.00
 0.00 15.68 28.88  0.00  0.00  0.00  0.00  0.00  0.00  0.00
 0.00 15.77 29.03  0.00  0.00  0.00  0.00  0.00  0.00  0.00
 0.00 15.86 29.18  0.00  0.00  0.00  0.00  0.00  0.00  0.00
 0.00 15.96 29.32  0.00  0.00  0.00  0.00  0.00  0.00  0.00
 0.00 16.05 29.47  0.00  0.00  0.00  0.00  0.00  0.00  0.00
 0.00 16.14 29.62  0.00  0.00  0.00  0.00  0.00  0.00  0.00
 0.00 16.24 29.76  0.00  0.00  0.00  0.00  0.00  0.00  0.00
 0.00 16.33 29.91  0.00  0.00  0.00  0.00  0.00  0.00  0.00
 0.00 16.42 30.05  0.00  0.00  0.00  0.00  0.00  0.00  0.00
 0.00 16.52 30.20  0.00  0.00  0.00  0.00  0.00  0.00  0.00
 0.00 16.61 30.34  0.00  0.00  0.00  0.00  0.00  0.00  0.00
 0.00 16.70 30.48  0.00  0.00  0.00  0.00  0.00  0.00  0.00
 0.00 16.80 30.63  0.00  0.00  0.00  0.00  0.00  0.00  0.00
 0.00 16.89 30.77  0.00  0.00  0.00  0.00  0.00  0.00  0.00
 0.00 16.98 30.91  0.00  0.00  0.00  0.00  0.00  0.00  0.00
 0.00 17.07 31.05  0.00  0.00  0.00  0.00  0.00  0.00  0.00
 0.00 17.17 31.20  0.00  0.00  0.00  0.00  0.00  0.00  0.00
 0.00 17.26 31.34  0.00  0.00  0.00  0.00  0.00  0.00  0.00
 0.00 17.35 31.48  0.00  0.00  0.00  0.00  0.00  0.00  0.00
 0.00 17.44 31.62  0.00  0.00  0.00  0.00  0.00  0.00  0.00
 0.00 17.54 31.76  0.00  0.00  0.00  0.00  0.00  0.00  0.00
 0.00 17.63 31.91  0.00  0.00  0.00  0.00  0.00  0.00  0.00
 0.00 17.72 32.05  0.00  0.00  0.00  0.00  0.00  0.00  0.00
 0.00 17.81 32.20  0.00  0.00  0.00  0.00  0.00  0.00  0.00
 0.00 17.91 32.34  0.00  0.00  0.00  0.00  0.00  0.00  0.00
 0.00 18.00 32.49  0.00  0.00  0.00  0.00  0.00  0.00  0.00
 0.00 18.09 32.63  0.00  0.00  0.00  0.00  0.00  0.00  0.00
 0.00 18.18 32.78  0.00  0.00  0.00  0.00  0.00  0.00  0.00
 0.00 18.27 32.93  0.00  0.00  0.00  0.00  0.00  0.00  0.00
 0.00 18.36 33.08  0.00  0.00  0.00  0.00  0.00  0.00  0.00
 0.00 18.46 33.23  0.00  0.00  0.00  0.00  0.00  0.00  0.00
 0.00 18.55 33.38  0.00  0.00  0.00  0.00  0.00  0.00  0.00
 0.00 18.64 33.53  0.00  0.00  0.00  0.00  0.00  0.00  0.00
 0.00 18.73 33.69  0.00  0.00  0.00  0.00  0.00  0.00  0.00
 0.00 18.82 33.84  0.00  0.00  0.00  0.00  0.00  0.00  0.00
 0.00 18.91 34.00  0.00  0.00  0.00  0.00  0.00  0.00  0.00
 0.00 19.00 34.16  0.00  0.00  0.00  0.00  0.00  0.00  0.00
 0.00 19.09 34.32  0.00  0.00  0.00  0.00  0.00  0.00  0.00
 0.00 19.19 34.48  0.00  0.00  0.00  0.00  0.00  0.00  0.00
 0.00 19.28 34.64  0.00  0.00  0.00  0.00  0.00  0.00  0.00
 0.00 19.37 34.81  0.00  0.00  0.00  0.00  0.00  0.00  0.00
 0.00 19.46 34.98  0.00  0.00  0.00  0.00  0.00  0.00  0.00
 0.00 19.55 35.15  0.00  0.00  0.00  0.00  0.00  0.00  0.00
 0.00 19.64 35.32  0.00  0.00  0.00  0.00  0.00  0.00  0.00
 0.00 19.73 35.50  0.00  0.00  0.00  0.00  0.00  0.00  0.00
 0.00 19.82 35.68  0.00  0.00  0.00  0.00  0.00  0.00  0.00
 0.00 19.91 35.86  0.00  0.00  0.00  0.00  0.00  0.00  0.00
 0.00 20.00 36.04  0.00  0.00  0.00  0.00  0.00  0.00  0.00
 0.00 20.08 36.23  0.00  0.00  0.00  0.00  0.00  0.00  0.00
 0.00 20.17 36.41  0.00  0.00  0.00  0.00  0.00  0.00  0.00
 0.00 20.26 36.61  0.00  0.00  0.00  0.00  0.00  0.00  0.00
 0.00 20.35 36.81  0.00  0.00  0.00  0.00  0.00  0.00  0.00
 0.00 20.44 37.01  0.00  0.00  0.00  0.00  0.00  0.00  0.00
 0.00 20.53 37.22  0.00  0.00  0.00  0.00  0.00  0.00  0.00
 0.00 20.62 37.44  0.00  0.00  0.00  0.00  0.00  0.00  0.00
 0.00 20.70 37.66  0.00  0.00  0.00  0.00  0.00  0.00  0.00
 0.00 20.79 37.89  0.00  0.00  0.00  0.00  0.00  0.00  0.00
 0.00 20.88 38.13  0.00  0.00  0.00  0.00  0.00  0.00  0.00
 0.00 20.97 38.39  0.00  0.00  0.00  0.00  0.00  0.00  0.00
 0.00 21.05 38.65  0.00  0.00  0.00  0.00  0.00  0.00  0.00
 0.00 21.14 38.92  0.00  0.00  0.00  0.00  0.00  0.00  0.00
 0.00 21.23 39.21  0.00  0.00  0.00  0.00  0.00  0.00  0.00
 0.00 21.31 39.50  0.00  0.00  0.00  0.00  0.00  0.00  0.00
 0.00 21.40 39.80  0.00  0.00  0.00  0.00  0.00  0.00  0.00
 0.00 21.48 40.09  0.00  0.00  0.00  0.00  0.00  0.00  0.00
 0.00 21.57 40.39  0.00  0.00  0.00  0.00  0.00  0.00  0.00
 0.00 21.65 40.68  0.00  0.00  0.00  0.00  0.00  0.00  0.00
 0.00 21.74 40.95  0.00  0.00  0.00  0.00  0.00  0.00  0.00
 0.00 21.82 41.21  0.00  0.00  0.00  0.00  0.00  0.00  0.00
 0.00 21.91 41.47  0.00  0.00  0.00  0.00  0.00  0.00  0.00
 0.00 21.99 41.73  0.00  0.00  0.00  0.00  0.00  0.00  0.00
 0.00 22.07 42.00  0.00  0.00  0.00  0.00  0.00  0.00  0.00
 0.00 22.16 42.30  0.00  0.00  0.00  0.00  0.00  0.00  0.00
 0.00 22.24 42.63  0.00  0.00  0.00  0.00  0.00  0.00  0.00
 0.00 22.32 42.99  0.00  0.00  0.00  0.00  0.00  0.00  0.00
 0.00 22.41 43.38  0.00  0.00  0.00  0.00  0.00  0.00  0.00
 0.00 22.49 43.78  0.00  0.00  0.00  0.00  0.00  0.00  0.00
 0.00 22.57 44.18  0.00  0.00  0.00  0.00  0.00  0.00  0.00
 0.00 22.65 44.55  0.00  0.00  0.00  0.00  0.00  0.00  0.00
 0.00 22.73 44.89  0.00  0.00  0.00  0.00  0.00  0.00  0.00
 0.00 22.81 45.19  0.00  0.00  0.00  0.00  0.00  0.00  0.00
 0.00 22.89 45.45  0.00  0.00  0.00  0.00  0.00  0.00  0.00
 0.00 22.97 45.70  0.00  0.00  0.00  0.00  0.00  0.00  0.00
 0.00 23.05 45.96  0.00  0.00  0.00  0.00  0.00  0.00  0.00
 0.00 23.13 46.25  0.00  0.00  0.00  0.00  0.00  0.00  0.00
 0.00 23.21 46.60  0.00  0.00  0.00  0.00  0.00  0.00  0.00
 0.00 23.29  0.00  0.00  0.00  0.00  0.00  0.00  0.00  0.00
 0.00 23.37  0.00  0.00  0.00  0.00  0.00  0.00  0.00  0.00
 0.00 23.44  0.00  0.00  0.00  0.00  0.00  0.00  0.00  0.00
 0.00 23.52  0.00  0.00  0.00  0.00  0.00  0.00  0.00  0.00
 0.00 23.60  0.00  0.00  0.00  0.00  0.00  0.00  0.00  0.00
 0.00 23.67  0.00  0.00  0.00  0.00  0.00  0.00  0.00  0.00
 0.00 23.75  0.00  0.00  0.00  0.00  0.00  0.00  0.00  0.00
 0.00 23.83  0.00  0.00  0.00  0.00  0.00  0.00  0.00  0.00
 0.00 23.90  0.00  0.00  0.00  0.00  0.00  0.00  0.00  0.00
 0.00 23.98  0.00  0.00  0.00  0.00  0.00  0.00  0.00  0.00
 0.00 24.05  0.00  0.00  0.00  0.00  0.00  0.00  0.00  0.00
 0.00 24.13  0.00  0.00  0.00  0.00  0.00  0.00  0.00  0.00
 0.00 24.20  0.00  0.00  0.00  0.00  0.00  0.00  0.00  0.00
 0.00 24.27  0.00  0.00  0.00  0.00  0.00  0.00  0.00  0.00
 0.00 24.34  0.00  0.00  0.00  0.00  0.00  0.00  0.00  0.00
 0.00 24.42  0.00  0.00  0.00  0.00  0.00  0.00  0.00  0.00
 0.00 24.49  0.00  0.00  0.00  0.00  0.00  0.00  0.00  0.00
 0.00 24.56  0.00  0.00  0.00  0.00  0.00  0.00  0.00  0.00
 0.00 24.63  0.00  0.00  0.00  0.00  0.00  0.00  0.00  0.00
 0.00 24.70  0.00  0.00  0.00  0.00  0.00  0.00  0.00  0.00
 0.00 24.77  0.00  0.00  0.00  0.00  0.00  0.00  0.00  0.00
 0.00 24.84  0.00  0.00  0.00  0.00  0.00  0.00  0.00  0.00
 0.00 24.92  0.00  0.00  0.00  0.00  0.00  0.00  0.00  0.00
 0.00 24.99  0.00  0.00  0.00  0.00  0.00  0.00  0.00  0.00
 0.00 25.06  0.00  0.00  0.00  0.00  0.00  0.00  0.00  0.00
 0.00 25.12  0.00  0.00  0.00  0.00  0.00  0.00  0.00  0.00
 0.00 25.19  0.00  0.00  0.00  0.00  0.00  0.00  0.00  0.00
 0.00 25.26  0.00  0.00  0.00  0.00  0.00  0.00  0.00  0.00
 0.00 25.33  0.00  0.00  0.00  0.00  0.00  0.00  0.00  0.00
 0.00 25.40  0.00  0.00  0.00  0.00  0.00  0.00  0.00  0.00
 0.00 25.47  0.00  0.00  0.00  0.00  0.00  0.00  0.00  0.00
 0.00 25.54  0.00  0.00  0.00  0.00  0.00  0.00  0.00  0.00
 0.00 25.61  0.00  0.00  0.00  0.00  0.00  0.00  0.00  0.00
 0.00 25.68  0.00  0.00  0.00  0.00  0.00  0.00  0.00  0.00
 0.00 25.75  0.00  0.00  0.00  0.00  0.00  0.00  0.00  0.00
 0.00 25.81  0.00  0.00  0.00  0.00  0.00  0.00  0.00  0.00
 0.00 25.88  0.00  0.00  0.00  0.00  0.00  0.00  0.00  0.00
 0.00 25.95  0.00  0.00  0.00  0.00  0.00  0.00  0.00  0.00
 0.00 26.02  0.00  0.00  0.00  0.00  0.00  0.00  0.00  0.00
 0.00 26.09  0.00  0.00  0.00  0.00  0.00  0.00  0.00  0.00
 0.00 26.16  0.00  0.00  0.00  0.00  0.00  0.00  0.00  0.00
 0.00 26.23  0.00  0.00  0.00  0.00  0.00  0.00  0.00  0.00
 0.00 26.29  0.00  0.00  0.00  0.00  0.00  0.00  0.00  0.00
 0.00 26.36  0.00  0.00  0.00  0.00  0.00  0.00  0.00  0.00
 0.00 26.43  0.00  0.00  0.00  0.00  0.00  0.00  0.00  0.00
 0.00 26.50  0.00  0.00  0.00  0.00  0.00  0.00  0.00  0.00
 0.00 26.57  0.00  0.00  0.00  0.00  0.00  0.00  0.00  0.00
 0.00 26.64  0.00  0.00  0.00  0.00  0.00  0.00  0.00  0.00
 0.00 26.71  0.00  0.00  0.00  0.00  0.00  0.00  0.00  0.00
 0.00 26.78  0.00  0.00  0.00  0.00  0.00  0.00  0.00  0.00
 0.00 26.85  0.00  0.00  0.00  0.00  0.00  0.00  0.00  0.00
 0.00 26.92  0.00  0.00  0.00  0.00  0.00  0.00  0.00  0.00
 0.00 26.99  0.00  0.00  0.00  0.00  0.00  0.00  0.00  0.00
 0.00 27.06  0.00  0.00  0.00  0.00  0.00  0.00  0.00  0.00
 0.00 27.13  0.00  0.00  0.00  0.00  0.00  0.00  0.00  0.00
 0.00 27.20  0.00  0.00  0.00  0.00  0.00  0.00  0.00  0.00
 0.00 27.28  0.00  0.00  0.00  0.00  0.00  0.00  0.00  0.00
 0.00 27.35  0.00  0.00  0.00  0.00  0.00  0.00  0.00  0.00
 0.00 27.42  0.00  0.00  0.00  0.00  0.00  0.00  0.00  0.00
 0.00 27.49  0.00  0.00  0.00  0.00  0.00  0.00  0.00  0.00
 0.00 27.56  0.00  0.00  0.00  0.00  0.00  0.00  0.00  0.00
 0.00 27.64  0.00  0.00  0.00  0.00  0.00  0.00  0.00  0.00
 0.00 27.71  0.00  0.00  0.00  0.00  0.00  0.00  0.00  0.00
 0.00 27.78  0.00  0.00  0.00  0.00  0.00  0.00  0.00  0.00
 0.00 27.85  0.00  0.00  0.00  0.00  0.00  0.00  0.00  0.00
 0.00 27.93  0.00  0.00  0.00  0.00  0.00  0.00  0.00  0.00
 0.00 28.00  0.00  0.00  0.00  0.00  0.00  0.00  0.00  0.00
 0.00 28.07  0.00  0.00  0.00  0.00  0.00  0.00  0.00  0.00
 0.00 28.15  0.00  0.00  0.00  0.00  0.00  0.00  0.00  0.00
 0.00 28.22  0.00  0.00  0.00  0.00  0.00  0.00  0.00  0.00
 0.00 28.29  0.00  0.00  0.00  0.00  0.00  0.00  0.00  0.00
 0.00 28.37  0.00  0.00  0.00  0.00  0.00  0.00  0.00  0.00
 0.00 28.44  0.00  0.00  0.00  0.00  0.00  0.00  0.00  0.00
 0.00 28.51  0.00  0.00  0.00  0.00  0.00  0.00  0.00  0.00
 0.00 28.59  0.00  0.00  0.00  0.00  0.00  0.00  0.00  0.00
 0.00 28.66  0.00  0.00  0.00  0.00  0.00  0.00  0.00  0.00
 0.00 28.73  0.00  0.00  0.00  0.00  0.00  0.00  0.00  0.00
 0.00 28.81  0.00  0.00  0.00  0.00  0.00  0.00  0.00  0.00
 0.00 28.88  0.00  0.00  0.00  0.00  0.00  0.00  0.00  0.00
 0.00 28.96  0.00  0.00  0.00  0.00  0.00  0.00  0.00  0.00
 0.00 29.03  0.00  0.00  0.00  0.00  0.00  0.00  0.00  0.00
 0.00 29.10  0.00  0.00  0.00  0.00  0.00  0.00  0.00  0.00
 0.00 29.18  0.00  0.00  0.00  0.00  0.00  0.00  0.00  0.00
 0.00 29.25  0.00  0.00  0.00  0.00  0.00  0.00  0.00  0.00
 0.00 29.32  0.00  0.00  0.00  0.00  0.00  0.00  0.00  0.00
 0.00 29.40  0.00  0.00  0.00  0.00  0.00  0.00  0.00  0.00
 0.00 29.47  0.00  0.00  0.00  0.00  0.00  0.00  0.00  0.00
 0.00 29.54  0.00  0.00  0.00  0.00  0.00  0.00  0.00  0.00
 0.00 29.62  0.00  0.00  0.00  0.00  0.00  0.00  0.00  0.00
 0.00 29.69  0.00  0.00  0.00  0.00  0.00  0.00  0.00  0.00
 0.00 29.76  0.00  0.00  0.00  0.00  0.00  0.00  0.00  0.00
 0.00 29.84  0.00  0.00  0.00  0.00  0.00  0.00  0.00  0.00
 0.00 29.91  0.00  0.00  0.00  0.00  0.00  0.00  0.00  0.00
 0.00 29.98  0.00  0.00  0.00  0.00  0.00  0.00  0.00  0.00
 0.00 30.05  0.00  0.00  0.00  0.00  0.00  0.00  0.00  0.00
 0.00 30.13  0.00  0.00  0.00  0.00  0.00  0.00  0.00  0.00
 0.00 30.20  0.00  0.00  0.00  0.00  0.00  0.00  0.00  0.00
 0.00 30.27  0.00  0.00  0.00  0.00  0.00  0.00  0.00  0.00
 0.00 30.34  0.00  0.00  0.00  0.00  0.00  0.00  0.00  0.00
 0.00 30.41  0.00  0.00  0.00  0.00  0.00  0.00  0.00  0.00
 0.00 30.48  0.00  0.00  0.00  0.00  0.00  0.00  0.00  0.00
 0.00 30.56  0.00  0.00  0.00  0.00  0.00  0.00  0.00  0.00
 0.00 30.63  0.00  0.00  0.00  0.00  0.00  0.00  0.00  0.00
 0.00 30.70  0.00  0.00  0.00  0.00  0.00  0.00  0.00  0.00
 0.00 30.77  0.00  0.00  0.00  0.00  0.00  0.00  0.00  0.00
 0.00 30.84  0.00  0.00  0.00  0.00  0.00  0.00  0.00  0.00
 0.00 30.91  0.00  0.00  0.00  0.00  0.00  0.00  0.00  0.00
 0.00 30.98  0.00  0.00  0.00  0.00  0.00  0.00  0.00  0.00
 0.00 31.05  0.00  0.00  0.00  0.00  0.00  0.00  0.00  0.00
 0.00 31.12  0.00  0.00  0.00  0.00  0.00  0.00  0.00  0.00
 0.00 31.20  0.00  0.00  0.00  0.00  0.00  0.00  0.00  0.00
 0.00 31.27  0.00  0.00  0.00  0.00  0.00  0.00  0.00  0.00
 0.00 31.34  0.00  0.00  0.00  0.00  0.00  0.00  0.00  0.00
 0.00 31.41  0.00  0.00  0.00  0.00  0.00  0.00  0.00  0.00
 0.00 31.48  0.00  0.00  0.00  0.00  0.00  0.00  0.00  0.00
 0.00 31.55  0.00  0.00  0.00  0.00  0.00  0.00  0.00  0.00
 0.00 31.62  0.00  0.00  0.00  0.00  0.00  0.00  0.00  0.00
 0.00 31.69  0.00  0.00  0.00  0.00  0.00  0.00  0.00  0.00
 0.00 31.76  0.00  0.00  0.00  0.00  0.00  0.00  0.00  0.00
 0.00 31.84  0.00  0.00  0.00  0.00  0.00  0.00  0.00  0.00
 0.00 31.91  0.00  0.00  0.00  0.00  0.00  0.00  0.00  0.00
 0.00 31.98  0.00  0.00  0.00  0.00  0.00  0.00  0.00  0.00
 0.00 32.05  0.00  0.00  0.00  0.00  0.00  0.00  0.00  0.00
 0.00 32.12  0.00  0.00  0.00  0.00  0.00  0.00  0.00  0.00
 0.00 32.20  0.00  0.00  0.00  0.00  0.00  0.00  0.00  0.00
 0.00 32.27  0.00  0.00  0.00  0.00  0.00  0.00  0.00  0.00
 0.00 32.34  0.00  0.00  0.00  0.00  0.00  0.00  0.00  0.00
 0.00 32.41  0.00  0.00  0.00  0.00  0.00  0.00  0.00  0.00
 0.00 32.49  0.00  0.00  0.00  0.00  0.00  0.00  0.00  0.00
 0.00 32.56  0.00  0.00  0.00  0.00  0.00  0.00  0.00  0.00
 0.00 32.63  0.00  0.00  0.00  0.00  0.00  0.00  0.00  0.00
 0.00 32.71  0.00  0.00  0.00  0.00  0.00  0.00  0.00  0.00
 0.00 32.78  0.00  0.00  0.00  0.00  0.00  0.00  0.00  0.00
 0.00 32.85  0.00  0.00  0.00  0.00  0.00  0.00  0.00  0.00
 0.00 32.93  0.00  0.00  0.00  0.00  0.00  0.00  0.00  0.00
 0.00 33.00  0.00  0.00  0.00  0.00  0.00  0.00  0.00  0.00
 0.00 33.08  0.00  0.00  0.00  0.00  0.00  0.00  0.00  0.00
 0.00 33.15  0.00  0.00  0.00  0.00  0.00  0.00  0.00  0.00
 0.00 33.23  0.00  0.00  0.00  0.00  0.00  0.00  0.00  0.00
 0.00 33.30  0.00  0.00  0.00  0.00  0.00  0.00  0.00  0.00
 0.00 33.38  0.00  0.00  0.00  0.00  0.00  0.00  0.00  0.00
 0.00 33.45  0.00  0.00  0.00  0.00  0.00  0.00  0.00  0.00
 0.00 33.53  0.00  0.00  0.00  0.00  0.00  0.00  0.00  0.00
 0.00 33.61  0.00  0.00  0.00  0.00  0.00  0.00  0.00  0.00
 0.00 33.69  0.00  0.00  0.00  0.00  0.00  0.00  0.00  0.00
 0.00 33.76  0.00  0.00  0.00  0.00  0.00  0.00  0.00  0.00
 0.00 33.84  0.00  0.00  0.00  0.00  0.00  0.00  0.00  0.00
 0.00 33.92  0.00  0.00  0.00  0.00  0.00  0.00  0.00  0.00
 0.00 34.00  0.00  0.00  0.00  0.00  0.00  0.00  0.00  0.00
 0.00 34.08  0.00  0.00  0.00  0.00  0.00  0.00  0.00  0.00
 0.00 34.16  0.00  0.00  0.00  0.00  0.00  0.00  0.00  0.00
 0.00 34.24  0.00  0.00  0.00  0.00  0.00  0.00  0.00  0.00
 0.00 34.32  0.00  0.00  0.00  0.00  0.00  0.00  0.00  0.00
 0.00 34.40  0.00  0.00  0.00  0.00  0.00  0.00  0.00  0.00
 0.00 34.48  0.00  0.00  0.00  0.00  0.00  0.00  0.00  0.00
 0.00 34.56  0.00  0.00  0.00  0.00  0.00  0.00  0.00  0.00
 0.00 34.64  0.00  0.00  0.00  0.00  0.00  0.00  0.00  0.00
 0.00 34.73  0.00  0.00  0.00  0.00  0.00  0.00  0.00  0.00
 0.00 34.81  0.00  0.00  0.00  0.00  0.00  0.00  0.00  0.00
 0.00 34.90  0.00  0.00  0.00  0.00  0.00  0.00  0.00  0.00
 0.00 34.98  0.00  0.00  0.00  0.00  0.00  0.00  0.00  0.00
 0.00 35.07  0.00  0.00  0.00  0.00  0.00  0.00  0.00  0.00
 0.00 35.15  0.00  0.00  0.00  0.00  0.00  0.00  0.00  0.00
 0.00 35.24  0.00  0.00  0.00  0.00  0.00  0.00  0.00  0.00
 0.00 35.32  0.00  0.00  0.00  0.00  0.00  0.00  0.00  0.00
 0.00 35.41  0.00  0.00  0.00  0.00  0.00  0.00  0.00  0.00
 0.00 35.50  0.00  0.00  0.00  0.00  0.00  0.00  0.00  0.00
 0.00 35.59  0.00  0.00  0.00  0.00  0.00  0.00  0.00  0.00
 0.00 35.68  0.00  0.00  0.00  0.00  0.00  0.00  0.00  0.00
 0.00 35.77  0.00  0.00  0.00  0.00  0.00  0.00  0.00  0.00
 0.00 35.86  0.00  0.00  0.00  0.00  0.00  0.00  0.00  0.00
 0.00 35.95  0.00  0.00  0.00  0.00  0.00  0.00  0.00  0.00
 0.00 36.04  0.00  0.00  0.00  0.00  0.00  0.00  0.00  0.00
 0.00 36.13  0.00  0.00  0.00  0.00  0.00  0.00  0.00  0.00
 0.00 36.23  0.00  0.00  0.00  0.00  0.00  0.00  0.00  0.00
 0.00 36.32  0.00  0.00  0.00  0.00  0.00  0.00  0.00  0.00
 0.00 36.41  0.00  0.00  0.00  0.00  0.00  0.00  0.00  0.00
 0.00 36.51  0.00  0.00  0.00  0.00  0.00  0.00  0.00  0.00
 0.00 36.61  0.00  0.00  0.00  0.00  0.00  0.00  0.00  0.00
 0.00 36.71  0.00  0.00  0.00  0.00  0.00  0.00  0.00  0.00
 0.00 36.81  0.00  0.00  0.00  0.00  0.00  0.00  0.00  0.00
 0.00 36.91  0.00  0.00  0.00  0.00  0.00  0.00  0.00  0.00
 0.00 37.01  0.00  0.00  0.00  0.00  0.00  0.00  0.00  0.00
 0.00 37.11  0.00  0.00  0.00  0.00  0.00  0.00  0.00  0.00
 0.00 37.22  0.00  0.00  0.00  0.00  0.00  0.00  0.00  0.00
 0.00 37.33  0.00  0.00  0.00  0.00  0.00  0.00  0.00  0.00
 0.00 37.44  0.00  0.00  0.00  0.00  0.00  0.00  0.00  0.00
 0.00 37.55  0.00  0.00  0.00  0.00  0.00  0.00  0.00  0.00
 0.00 37.66  0.00  0.00  0.00  0.00  0.00  0.00  0.00  0.00
 0.00 37.78  0.00  0.00  0.00  0.00  0.00  0.00  0.00  0.00
 0.00 37.89  0.00  0.00  0.00  0.00  0.00  0.00  0.00  0.00
 0.00 38.01  0.00  0.00  0.00  0.00  0.00  0.00  0.00  0.00
 0.00 38.13  0.00  0.00  0.00  0.00  0.00  0.00  0.00  0.00
 0.00 38.26  0.00  0.00  0.00  0.00  0.00  0.00  0.00  0.00
 0.00 38.39  0.00  0.00  0.00  0.00  0.00  0.00  0.00  0.00
 0.00 38.52  0.00  0.00  0.00  0.00  0.00  0.00  0.00  0.00
 0.00 38.65  0.00  0.00  0.00  0.00  0.00  0.00  0.00  0.00
 0.00 38.78  0.00  0.00  0.00  0.00  0.00  0.00  0.00  0.00
 0.00 38.92  0.00  0.00  0.00  0.00  0.00  0.00  0.00  0.00
 0.00 39.06  0.00  0.00  0.00  0.00  0.00  0.00  0.00  0.00
 0.00 39.21  0.00  0.00  0.00  0.00  0.00  0.00  0.00  0.00
 0.00 39.35  0.00  0.00  0.00  0.00  0.00  0.00  0.00  0.00
 0.00 39.50  0.00  0.00  0.00  0.00  0.00  0.00  0.00  0.00
 0.00 39.65  0.00  0.00  0.00  0.00  0.00  0.00  0.00  0.00
 0.00 39.80  0.00  0.00  0.00  0.00  0.00  0.00  0.00  0.00
 0.00 39.94  0.00  0.00  0.00  0.00  0.00  0.00  0.00  0.00
 0.00 40.09  0.00  0.00  0.00  0.00  0.00  0.00  0.00  0.00
 0.00 40.24  0.00  0.00  0.00  0.00  0.00  0.00  0.00  0.00
 0.00 40.39  0.00  0.00  0.00  0.00  0.00  0.00  0.00  0.00
 0.00 40.53  0.00  0.00  0.00  0.00  0.00  0.00  0.00  0.00
 0.00 40.68  0.00  0.00  0.00  0.00  0.00  0.00  0.00  0.00
 0.00 40.82  0.00  0.00  0.00  0.00  0.00  0.00  0.00  0.00
 0.00 40.95  0.00  0.00  0.00  0.00  0.00  0.00  0.00  0.00
 0.00 41.09  0.00  0.00  0.00  0.00  0.00  0.00  0.00  0.00
 0.00 41.21  0.00  0.00  0.00  0.00  0.00  0.00  0.00  0.00
 0.00 41.34  0.00  0.00  0.00  0.00  0.00  0.00  0.00  0.00
 0.00 41.47  0.00  0.00  0.00  0.00  0.00  0.00  0.00  0.00
 0.00 41.60  0.00  0.00  0.00  0.00  0.00  0.00  0.00  0.00
 0.00 41.73  0.00  0.00  0.00  0.00  0.00  0.00  0.00  0.00
 0.00 41.86  0.00  0.00  0.00  0.00  0.00  0.00  0.00  0.00
 0.00 42.00  0.00  0.00  0.00  0.00  0.00  0.00  0.00  0.00
 0.00 42.15  0.00  0.00  0.00  0.00  0.00  0.00  0.00  0.00
 0.00 42.30  0.00  0.00  0.00  0.00  0.00  0.00  0.00  0.00
 0.00 42.46  0.00  0.00  0.00  0.00  0.00  0.00  0.00  0.00
 0.00 42.63  0.00  0.00  0.00  0.00  0.00  0.00  0.00  0.00
 0.00 42.81  0.00  0.00  0.00  0.00  0.00  0.00  0.00  0.00
 0.00 42.99  0.00  0.00  0.00  0.00  0.00  0.00  0.00  0.00
 0.00 43.18  0.00  0.00  0.00  0.00  0.00  0.00  0.00  0.00
 0.00 43.38  0.00  0.00  0.00  0.00  0.00  0.00  0.00  0.00
 0.00 43.58  0.00  0.00  0.00  0.00  0.00  0.00  0.00  0.00
 0.00 43.78  0.00  0.00  0.00  0.00  0.00  0.00  0.00  0.00
 0.00 43.98  0.00  0.00  0.00  0.00  0.00  0.00  0.00  0.00
 0.00 44.18  0.00  0.00  0.00  0.00  0.00  0.00  0.00  0.00
 0.00 44.37  0.00  0.00  0.00  0.00  0.00  0.00  0.00  0.00
 0.00 44.55  0.00  0.00  0.00  0.00  0.00  0.00  0.00  0.00
 0.00 44.73  0.00  0.00  0.00  0.00  0.00  0.00  0.00  0.00
 0.00 44.89  0.00  0.00  0.00  0.00  0.00  0.00  0.00  0.00
 0.00 45.04  0.00  0.00  0.00  0.00  0.00  0.00  0.00  0.00
 0.00 45.19  0.00  0.00  0.00  0.00  0.00  0.00  0.00  0.00
 0.00 45.32  0.00  0.00  0.00  0.00  0.00  0.00  0.00  0.00
 0.00 45.45  0.00  0.00  0.00  0.00  0.00  0.00  0.00  0.00
 0.00 45.57  0.00  0.00  0.00  0.00  0.00  0.00  0.00  0.00
 0.00 45.70  0.00  0.00  0.00  0.00  0.00  0.00  0.00  0.00
 0.00 45.82  0.00  0.00  0.00  0.00  0.00  0.00  0.00  0.00
 0.00 45.96  0.00  0.00  0.00  0.00  0.00  0.00  0.00  0.00
 0.00 46.10  0.00  0.00  0.00  0.00  0.00  0.00  0.00  0.00
 0.00 46.25  0.00  0.00  0.00  0.00  0.00  0.00  0.00  0.00
 0.00 46.41  0.00  0.00  0.00  0.00  0.00  0.00  0.00  0.00
 0.00 46.60  0.00  0.00  0.00  0.00  0.00  0.00  0.00  0.00
 0.00 46.80  0.00  0.00  0.00  0.00  0.00  0.00  0.00  0.00
